,date,Transaction,value,Running Score
1,2018-06-21,added Mikal Bridges to PHI,0,0
2,2018-06-21,added Landry Shamet to PHI,0,0
3,2018-06-21,added Khyri Thomas to PHI,0,0
4,2018-06-21,added Isaac Bonga to PHI,0,0
5,2018-06-21,added Ray Spalding to PHI,0,0
6,2018-06-21,added Kostas Antetokounmpo to PHI,0,0
7,2018-06-21,lost Mikal Bridges to PHO,-12121,-12121
8,2018-06-21,added Zhaire Smith to PHI,0,-12121
9,2018-06-21,added Tre Mann to PHI,0,-12121
10,2018-06-21,lost Kostas Antetokounmpo to DAL,139,-11981
11,2018-06-21,lost Ray Spalding to DAL,12,-11968
12,2018-06-21,added Shake Milton to PHI,0,-11968
13,2018-06-21,lost Khyri Thomas to DET,1456,-10512
14,2018-06-21,added Jeremiah Robinson-Earl to PHI,0,-10512
15,2018-06-21,added James Nnaji to PHI,0,-10512
16,2018-07-02,added Zhaire Smith to PHI,-868,-11380
17,2018-07-04,added Landry Shamet to PHI,-2105,-13485
18,2018-07-06,lost Isaac Bonga to LAL,576,-12909
19,2018-07-06,added Bruno Fernando to PHI,0,-12909
20,2018-07-06,added Wilson Chandler to PHI,-1902,-14811
21,2018-07-06,added Aaron Wiggins to PHI,0,-14811
22,2018-07-06,added Matteo Spagnolo to PHI,0,-14811
23,2018-07-06,added J.J. Redick to PHI,475,-14336
24,2018-07-16,added Amir Johnson to PHI,-1216,-15552
25,2018-07-20,lost Richaun Holmes to PHO,-710,-16263
26,2018-07-25,added Jonah Bolden to PHI,-653,-16916
27,2018-07-25,lost Timothé Luwawu-Cabarrot to OKC,873,-16042
28,2018-07-25,lost Justin Anderson to ATL,1250,-14792
29,2018-07-25,added Mike Muscala to PHI,-1561,-16354
30,2018-07-26,added Shake Milton to PHI,-9728,-26082
31,2018-07-27,added Demetrius Jackson to PHI,175,-25906
32,2018-08-03,added Norvel Pelle to PHI,-1206,-27113
