,Transaction Date,Transaction,Score,Running Score
1,1987-06-22 00:00:00,added José Ortiz to UTA,-2511,-2511
2,1987-06-22 00:00:00,added Clarence Martin to UTA,0,-2511
3,1987-06-22 00:00:00,added Billy Donovan to UTA,0,-2511
4,1987-06-22 00:00:00,added Reuben Holmes to UTA,0,-2511
5,1987-06-22 00:00:00,added Bart Kofoed to UTA,-2622,-5133
6,1987-06-22 00:00:00,added Art Sabb to UTA,0,-5133
7,1987-06-22 00:00:00,added Keith Webster to UTA,0,-5133
8,1987-10-08 00:00:00,lost Kent Benson to CLE,46,-5087
9,1987-10-08 00:00:00,lost Dell Curry to CLE,299,-4787
10,1987-10-08 00:00:00,added Darryl Dawkins to UTA,-572,-5359
11,1987-10-08 00:00:00,added Melvin Turpin to UTA,-1617,-6976
12,1987-10-08 00:00:00,added Eddie Hughes to UTA,0,-6976
13,1987-11-26 00:00:00,lost Darryl Dawkins to DET,540,-6436
14,1988-02-25 00:00:00,added Scott Roth to UTA,-1203,-7639
15,1988-03-23 00:00:00,added Eddie Hughes to UTA,-235,-7874
16,1988-06-23 00:00:00,lost Kelly Tripucka to CHH,5155,-2719
17,1988-06-23 00:00:00,added Mike Brown to UTA,-22150,-24869
18,1988-06-28 00:00:00,added Eric Leckner to UTA,-6874,-31744
19,1988-06-28 00:00:00,added Jeff Moe to UTA,0,-31744
20,1988-06-28 00:00:00,added Ricky Grace to UTA,0,-31744
21,1988-10-25 00:00:00,added Jim Les to UTA,-3060,-34805
22,1989-01-04 00:00:00,added Jim Farmer to UTA,0,-34805
23,1989-01-13 00:00:00,added Eric White to UTA,-67,-34873
24,1989-01-15 00:00:00,added Jim Farmer to UTA,-2101,-36974
25,1999-06-30 00:00:00,,0,-36974
26,1999-06-30 00:00:00,added Frédéric Weis to NYK,0,-36974
27,1999-06-30 00:00:00,added J.R. Koch to NYK,0,-36974
28,1999-08-06 00:00:00,added John Wallace to NYK,-2234,-39208
