,date,Transaction,value,Running Score
1,2005-06-28,lost Ejike Ugboaja to ORL,0,0
2,2005-06-28,added Martynas Andriuškevičius to CLE,46,46
3,2005-06-28,lost Jiří Welsch to MIL,1905,1952
4,2005-06-28,added Lior Eliyahu to CLE,0,1952
5,2005-08-02,added Larry Hughes to CLE,-6525,-4573
6,2005-08-02,added Donyell Marshall to CLE,1790,-2782
7,2005-09-08,added Damon Jones to CLE,-3418,-6201
8,2005-09-17,added Alan Henderson to CLE,-1115,-7316
9,2005-09-27,added Zendon Hamilton to CLE,-59,-7375
10,2005-09-27,added Mike Wilks to CLE,-1822,-9198
11,2006-02-06,added Stephen Graham to CLE,-725,-9923
12,2006-02-23,added Lee Nailon to CLE,0,-9923
13,2006-02-23,added Daniel Gibson to CLE,0,-9923
14,2006-02-23,lost Mike Wilks to SEA,1041,-8882
15,2006-02-23,added Ronald Murray to CLE,-1437,-10320
16,2006-06-28,added Shannon Brown to CLE,-2437,-12758
17,2006-06-28,added Daniel Gibson to CLE,-9078,-21836
18,2006-06-28,added Ejike Ugboaja to CLE,0,-21836
19,2006-08-18,lost Martynas Andriuškevičius to CHI,0,-21836
20,2006-08-18,added Eddie Basden to CLE,0,-21836
21,2006-08-18,added Scot Pollard to CLE,-610,-22446
22,2006-09-05,added David Wesley to CLE,-1091,-23538
23,2006-10-13,lost Luke Jackson to BOS,0,-23538
24,2006-10-13,added Dwayne Jones to CLE,-1924,-25462
25,2007-09-27,added Devin Brown to CLE,-3700,-29162
26,2007-09-29,lost David Wesley to NOH,0,-29162
27,2007-09-29,added Cedric Simmons to CLE,-455,-29618
28,2007-10-29,added Demetris Nichols to CLE,-396,-30014
29,2008-02-21,lost Donyell Marshall to SEA,460,-29554
30,2008-02-21,lost Ira Newble to SEA,166,-29387
31,2008-02-21,lost Shannon Brown to CHI,602,-28784
32,2008-02-21,lost Drew Gooden to CHI,2154,-26630
33,2008-02-21,lost Larry Hughes to CHI,1706,-24923
34,2008-02-21,lost Cedric Simmons to CHI,301,-24622
35,2008-02-21,added Joe Smith to CLE,-1160,-25782
36,2008-02-21,added Ben Wallace to CLE,1929,-23853
37,2008-02-21,added Danny Green to CLE,0,-23853
38,2008-02-21,added Wally Szczerbiak to CLE,-1459,-25312
39,2008-02-21,added Delonte West to CLE,5595,-19717
40,2008-02-22,added Kaniel Dickens to CLE,-33,-19751
41,2008-02-22,added Billy Thomas to CLE,-357,-20108
42,2008-03-13,added Lance Allred to CLE,-111,-20219
43,2008-06-26,added J.J. Hickson to CLE,-13196,-33415
44,2008-06-26,added Darnell Jackson to CLE,-3433,-36848
45,2008-06-26,added Sasha Kaun to CLE,-266,-37114
46,2008-08-04,added Tarence Kinsey to CLE,-886,-38000
47,2008-08-13,lost Joe Smith to OKC,1312,-36688
48,2008-08-13,lost Damon Jones to MIL,432,-36256
49,2008-08-13,added Mo Williams to CLE,6660,-29595
50,2008-09-05,added Lorenzen Wright to CLE,-837,-30433
51,2008-09-29,added Jawad Williams to CLE,0,-30433
52,2008-09-30,added Ronald Dupree to CLE,0,-30433
53,2009-01-12,added Jawad Williams to CLE,0,-30433
54,2009-02-03,added Trey Johnson to CLE,-324,-30757
55,2009-03-04,added Joe Smith to CLE,0,-30757
56,2009-04-09,added Jawad Williams to CLE,-5771,-36528
57,2009-06-25,added Christian Eyenga to CLE,-4319,-40848
58,2009-06-25,added Danny Green to CLE,91,-40757
59,2009-06-26,lost Sasha Pavlović to PHO,0,-40757
60,2009-06-26,lost Ben Wallace to PHO,0,-40757
61,2009-06-26,lost Dwayne Collins to PHO,0,-40757
62,2009-06-26,added Shaquille O'Neal to CLE,-248,-41005
63,2009-06-26,added Emir Preldžić to CLE,0,-41005
64,2009-07-13,added Anthony Parker to CLE,-7044,-48049
65,2009-07-24,added Jamario Moon to CLE,861,-47188
66,2009-08-12,added Leon Powe to CLE,-1985,-49174
67,2009-10-01,added Coby Karl to CLE,-201,-49375
68,2010-01-23,added Cedric Jackson to CLE,-149,-49524
69,2010-02-17,lost Zydrunas Ilgauskas to WAS,0,-49524
70,2010-02-17,lost Emir Preldžić to WAS,0,-49524
71,2010-02-17,lost Lazar Hayward to WAS,0,-49524
72,2010-02-17,added Sebastian Telfair to CLE,-361,-49886
73,2010-02-17,added Antawn Jamison to CLE,-829,-50715
74,2010-03-23,added Zydrunas Ilgauskas to CLE,-5088,-55804
75,2012-06-28,,0,-55804
76,2012-06-28,added John Jenkins to ATL,-1627,-57432
77,2012-06-28,added Mike Scott to ATL,-5435,-62867
78,2012-07-11,lost Marvin Williams to UTA,2072,-60795
79,2012-07-11,added Devin Harris to ATL,142,-60653
80,2012-07-11,lost Joe Johnson to BRK,4792,-55860
81,2012-07-11,added Jordan Farmar to ATL,0,-55860
82,2012-07-11,added Anthony Morrow to ATL,-240,-56101
83,2012-07-11,added Johan Petro to ATL,-1760,-57861
84,2012-07-11,added DeShawn Stevenson to ATL,-2779,-60640
85,2012-07-11,added Jordan Williams to ATL,0,-60640
86,2012-07-11,added Shane Larkin to ATL,0,-60640
87,2012-07-11,added Frank Jackson to ATL,0,-60640
88,2012-07-12,added Lou Williams to ATL,-4925,-65566
89,2012-07-16,added Kyle Korver to ATL,10726,-54839
90,2012-07-30,lost Willie Green to LAC,3731,-51108
91,2012-07-30,added Sofoklis Schortsanitis to ATL,0,-51108
92,2012-09-27,added James Anderson to ATL,0,-51108
93,2012-09-27,added Carldell Johnson to ATL,0,-51108
94,2012-09-27,added Keith Benson to ATL,0,-51108
95,2012-09-27,added Damion James to ATL,0,-51108
96,2012-09-27,added Anthony Tolliver to ATL,-2985,-54093
97,2013-01-21,added Jannero Pargo to ATL,-440,-54534
98,2013-02-21,added Jeremy Tyler to ATL,-16,-54550
99,2013-02-21,lost Anthony Morrow to DAL,467,-54082
100,2013-02-21,added Dahntay Jones to ATL,-2514,-56597
101,2013-03-06,added Shelvin Mack to ATL,-4324,-60921
102,2013-06-27,added Dennis Schröder to ATL,0,-60921
103,2013-06-27,added Shane Larkin to ATL,0,-60921
104,2013-06-27,added Raul Neto to ATL,0,-60921
105,2013-06-27,added James Ennis to ATL,0,-60921
106,2013-06-27,lost Shane Larkin to DAL,1858,-59063
107,2013-06-27,added Jared Cunningham to ATL,-250,-59314
108,2013-06-27,added Mike Muscala to ATL,0,-59314
109,2013-06-27,added Lucas Nogueira to ATL,0,-59314
110,2013-06-27,lost James Ennis to MIA,1589,-57725
111,2013-06-27,added Sterling Brown to ATL,0,-57725
112,2013-06-27,lost Raul Neto to UTA,3872,-53853
113,2013-06-27,added Pat Connaughton to ATL,0,-53853
114,2013-07-10,added Paul Millsap to ATL,31113,-22740
115,2013-07-10,added Dennis Schröder to ATL,-9193,-31933
116,2013-07-15,added Elton Brand to ATL,-2589,-34522
117,2013-07-29,added Gustavo Ayón to ATL,-514,-35037
118,2013-08-03,added DeMarre Carroll to ATL,5360,-29677
119,2014-01-11,added James Nunnally to ATL,-356,-30034
120,2014-02-01,added Cartier Martin to ATL,0,-30034
121,2014-02-11,added Cartier Martin to ATL,0,-30034
122,2014-02-20,lost Cenk Akyol to LAC,0,-30034
123,2014-02-20,added Antawn Jamison to ATL,0,-30034
124,2014-02-21,added Cartier Martin to ATL,-1150,-31184
125,2014-02-22,added Dexter Pittman to ATL,-72,-31257
126,2014-02-27,added Mike Muscala to ATL,37,-31219
127,2014-06-26,added Adreian Payne to ATL,0,-31219
128,2014-06-26,added Edy Tavares to ATL,-135,-31355
129,2014-06-27,lost Pat Connaughton to MIL,-2845,-34200
130,2014-06-27,added Lamar Patterson to ATL,-2470,-36671
131,2014-06-29,lost Lucas Nogueira to TOR,-4108,-40779
132,2014-06-29,lost Lou Williams to TOR,-5241,-46021
133,2014-06-29,added John Salmons to ATL,0,-46021
134,2014-07-10,added Thabo Sefolosha to ATL,0,-46021
135,2014-07-15,lost Sofoklis Schortsanitis to OKC,0,-46021
136,2014-07-15,added Georgios Printezis to ATL,0,-46021
137,2014-07-15,added Thabo Sefolosha to ATL,3020,-43000
138,2014-07-25,added Adreian Payne to ATL,-201,-43201
139,2019-03-01,,0,-43201
140,2019-03-01,added Dairis Bertāns to NOP,-1469,-44671
