,Transaction Date,Transaction,Score,Running Score
1,1979-11-23 00:00:00,added Sam Pellom to ATL,-5146,-5146
2,1979-11-23 00:00:00,lost Terry Furlow to UTA,1546,-3599
3,1979-11-23 00:00:00,added Eddie Johnson to ATL,0,-3599
4,1980-01-24 00:00:00,lost Ron Lee to DET,1606,-1993
5,1980-01-24 00:00:00,lost Brad Branson to DET,0,-1993
6,1980-01-24 00:00:00,added Jim McElroy to ATL,-6542,-8535
7,1980-01-28 00:00:00,added John Brown to ATL,-2129,-10664
8,1980-05-15 00:00:00,added Glenn Hagan to ATL,0,-10664
9,1980-06-10 00:00:00,added Don Collins to ATL,-710,-11375
10,1980-06-10 00:00:00,added Craig Shelton to ATL,-3901,-15276
11,1980-06-10 00:00:00,added Mike Doyle to ATL,0,-15276
12,1980-06-10 00:00:00,added Mike Zagardo to ATL,0,-15276
13,1980-06-10 00:00:00,added Charles Hightower to ATL,0,-15276
14,1980-06-10 00:00:00,added Stanley Lamb to ATL,0,-15276
15,1980-07-08 00:00:00,added Tom Burleson to ATL,-1778,-17055
16,1980-07-11 00:00:00,added Art Collins to ATL,0,-17055
17,1980-12-02 00:00:00,lost Armond Hill to SEA,3959,-13095
18,1980-12-02 00:00:00,added Jim Thomas to ATL,0,-13095
19,1980-12-02 00:00:00,added Ben Coleman to ATL,0,-13095
20,1981-01-17 00:00:00,lost Don Collins to WSB,-4858,-17953
21,1981-01-17 00:00:00,added Wes Matthews to ATL,-3937,-21891
22,1981-02-03 00:00:00,added Art Collins to ATL,-2291,-24182
23,1981-06-04 00:00:00,added Steve Hawes to ATL,-1241,-25424
24,1981-06-08 00:00:00,lost Orlando Woolridge to CHI,-7130,-32554
25,1981-06-08 00:00:00,added Al Wood to ATL,0,-32554
26,1981-06-09 00:00:00,added Al Wood to ATL,-1142,-33697
27,1981-06-09 00:00:00,added Clyde Bradshaw to ATL,0,-33697
28,1981-06-09 00:00:00,added Rudy Macklin to ATL,-9377,-43074
29,1981-06-09 00:00:00,added Kevin Figaro to ATL,0,-43074
30,1981-06-09 00:00:00,added Steve Krafcisin to ATL,0,-43074
31,1981-06-09 00:00:00,added Darryl Warwick to ATL,0,-43074
32,1981-06-09 00:00:00,added Kevin Vesey to ATL,0,-43074
33,1981-06-09 00:00:00,added Gilbert Salinas to ATL,0,-43074
34,1981-06-09 00:00:00,added Howard Thompkins to ATL,0,-43074
35,1981-06-09 00:00:00,added Mike Frazier to ATL,0,-43074
36,1981-08-12 00:00:00,added Rory Sparrow to ATL,-977,-44051
37,1981-08-12 00:00:00,added John Battle to ATL,0,-44051
38,1981-10-12 00:00:00,added Mike Glenn to ATL,2572,-41479
39,1982-01-01 00:00:00,added Jim Zoet to ATL,0,-41479
40,1982-01-20 00:00:00,lost Charlie Criss to SDC,1512,-39967
41,1982-01-20 00:00:00,lost Al Wood to SDC,4135,-35831
42,1982-01-20 00:00:00,added Freeman Williams to ATL,-850,-36682
43,1982-06-29 00:00:00,added Keith Edmonson to ATL,-1823,-38505
44,1982-06-29 00:00:00,added Joe Kopicki to ATL,0,-38505
45,1982-06-29 00:00:00,added Mark Hall to ATL,0,-38505
46,1982-06-29 00:00:00,added Jay Bruchak to ATL,0,-38505
47,1982-06-29 00:00:00,added Horace Wyatt to ATL,0,-38505
48,1982-06-29 00:00:00,added James Ratiff to ATL,0,-38505
49,1982-06-29 00:00:00,added Pierre Bland to ATL,0,-38505
50,1982-06-29 00:00:00,added Ronnie McAdoo to ATL,0,-38505
51,1982-06-30 00:00:00,lost Ben Coleman to KCK,0,-38505
52,1982-06-30 00:00:00,added Jim Johnstone to ATL,0,-38505
53,1982-09-02 00:00:00,lost John Drew to UTA,2336,-36169
54,1982-09-02 00:00:00,lost Freeman Williams to UTA,1533,-34636
55,1982-09-02 00:00:00,added Dominique Wilkins to ATL,121789,87152
56,1982-09-27 00:00:00,lost Jim Johnstone to SAS,291,87444
57,1982-09-27 00:00:00,lost Darrell Lockhart to SAS,68,87512
58,1982-09-27 00:00:00,lost Manute Bol to SAS,0,87512
59,1982-09-27 00:00:00,added George Johnson to ATL,414,87927
60,1982-12-31 00:00:00,lost Jim Thomas to IND,3971,91899
61,1982-12-31 00:00:00,added Johnny Davis to ATL,-673,91226
62,1983-02-12 00:00:00,lost Rory Sparrow to NYK,7704,98930
63,1983-02-12 00:00:00,added Scott Hastings to ATL,-7837,91092
64,1983-02-13 00:00:00,lost Steve Hawes to SEA,3580,94673
65,1983-02-13 00:00:00,added Lorenzo Charles to ATL,0,94673
66,1983-02-15 00:00:00,lost Othell Wilson to GSW,2268,96941
67,1983-02-15 00:00:00,added Rickey Brown to ATL,-7950,88991
68,1983-03-18 00:00:00,added Randy Smith to ATL,-539,88451
69,1983-06-28 00:00:00,added Doc Rivers to ATL,64448,152899
70,1983-06-28 00:00:00,added John Pinone to ATL,-247,152652
71,1983-06-28 00:00:00,added Harry Kelly to ATL,0,152652
72,1983-06-28 00:00:00,added Charles Jones to ATL,0,152652
73,1983-06-28 00:00:00,added Tom Bethea to ATL,0,152652
74,1983-06-28 00:00:00,added Lex Drum to ATL,0,152652
75,1983-06-28 00:00:00,added George Thomas to ATL,0,152652
76,1983-06-28 00:00:00,added Will Cotchery to ATL,0,152652
77,1983-06-28 00:00:00,added Ronnie Carr to ATL,0,152652
78,1983-06-29 00:00:00,lost Rudy Macklin to NYK,331,152984
79,1983-06-29 00:00:00,added Sly Williams to ATL,-2651,150332
80,1983-07-05 00:00:00,lost Tom McMillen to WSB,11436,161769
81,1983-07-05 00:00:00,added Randy Wittman to ATL,-8176,153593
82,1983-09-29 00:00:00,added Armond Hill to ATL,-905,152688
83,1983-09-29 00:00:00,added Billy Paultz to ATL,-1895,150792
84,1983-10-06 00:00:00,lost Wes Matthews to SDC,0,150792
85,1983-10-06 00:00:00,added Cedric Henderson to ATL,0,150792
86,1983-10-17 00:00:00,lost Keith Edmonson to SAS,1094,151886
87,1983-12-29 00:00:00,added Mark Landsberger to ATL,-1273,150613
88,1984-02-04 00:00:00,added Charlie Criss to ATL,-491,150122
89,1984-06-18 00:00:00,lost Dan Roundfield to DET,1193,151316
90,1984-06-18 00:00:00,added Antoine Carr to ATL,-2820,148495
91,1984-06-18 00:00:00,added Cliff Levingston to ATL,2467,150963
92,1984-06-19 00:00:00,added Kevin Willis to ATL,-28140,122823
93,1984-06-19 00:00:00,added Bobby Parks to ATL,0,122823
94,1984-06-19 00:00:00,added Dicky Beal to ATL,0,122823
95,1984-06-19 00:00:00,added Terry Martin to ATL,0,122823
96,1984-06-19 00:00:00,added Jim Master to ATL,0,122823
97,1984-06-19 00:00:00,added Vince Martello to ATL,0,122823
98,1984-06-19 00:00:00,added Robert Brown to ATL,0,122823
99,1984-06-19 00:00:00,added Fred Brown to ATL,0,122823
100,1984-06-19 00:00:00,added Doug Mills to ATL,0,122823
101,1984-07-11 00:00:00,added Walker Russell to ATL,-490,122333
102,1984-08-08 00:00:00,lost Johnny Davis to CLE,1833,124166
103,1984-08-08 00:00:00,added John Garris to ATL,0,124166
104,1984-08-08 00:00:00,added Stewart Granger to ATL,-809,123357
105,1984-10-15 00:00:00,added Leo Rautins to ATL,-78,123279
106,1984-10-15 00:00:00,added Jerry Eaves to ATL,-222,123057
107,1984-11-28 00:00:00,added Sidney Lowe to ATL,0,123057
108,1984-12-20 00:00:00,added Sidney Lowe to ATL,-63,122993
109,1985-06-18 00:00:00,added Jon Koncak to ATL,-15089,107903
110,1985-06-18 00:00:00,added Lorenzo Charles to ATL,-436,107467
111,1985-06-18 00:00:00,added Sedric Toney to ATL,-350,107116
112,1985-06-18 00:00:00,added Arvydas Sabonis to ATL,0,107116
113,1985-06-18 00:00:00,added John Battle to ATL,-9461,97655
114,1985-06-18 00:00:00,added Larry Hampton to ATL,0,97655
115,1985-06-18 00:00:00,added Tony Duckett to ATL,0,97655
116,1985-06-18 00:00:00,added Bob Ferry Jr. to ATL,0,97655
117,1985-09-26 00:00:00,added Spud Webb to ATL,8726,106382
118,1985-10-25 00:00:00,added Ray Williams to ATL,293,106675
119,1985-10-28 00:00:00,added Eddie Johnson to ATL,-689,105986
120,1986-02-10 00:00:00,lost Eddie Johnson to CLE,1722,107708
121,1986-02-10 00:00:00,added Johnny Davis to ATL,-120,107587
122,1986-06-17 00:00:00,added Billy Thompson to ATL,0,107587
123,1986-06-17 00:00:00,added Cedric Henderson to ATL,-83,107504
124,1986-06-17 00:00:00,added Augusto Binelli to ATL,0,107504
125,1986-06-17 00:00:00,added Ron Kellogg to ATL,0,107504
126,1986-06-17 00:00:00,added Dave Hoppen to ATL,0,107504
127,1986-06-17 00:00:00,added Jim Les to ATL,-921,106583
128,1986-06-17 00:00:00,added Efrem Winters to ATL,0,106583
129,1986-06-17 00:00:00,added Nicky Jones to ATL,0,106583
130,1986-06-17 00:00:00,added Alexander Volkov to ATL,1149,107733
131,1986-06-17 00:00:00,added Valeri Tikhonenko to ATL,0,107733
132,1986-06-17 00:00:00,lost Billy Thompson to LAL,2673,110406
133,1986-06-17 00:00:00,added Mike McGee to ATL,2038,112444
134,1986-12-26 00:00:00,added Michael Wilson to ATL,-122,112321
135,1987-01-06 00:00:00,added Gus Williams to ATL,-1202,111119
136,1987-02-14 00:00:00,added Jerome Henderson to ATL,0,111119
137,1987-06-22 00:00:00,added Dallas Comegys to ATL,0,111119
138,1987-06-22 00:00:00,added Terrance Bailey to ATL,0,111119
139,1987-06-22 00:00:00,added Terry Coner to ATL,0,111119
140,1987-06-22 00:00:00,added Song Tao to ATL,0,111119
141,1987-06-22 00:00:00,added Theofanis Christodoulou to ATL,0,111119
142,1987-06-22 00:00:00,added Jose Antonio Montero to ATL,0,111119
143,1987-06-22 00:00:00,added Riccardo Morandou to ATL,0,111119
144,1987-06-22 00:00:00,added Franjo Arapovic to ATL,0,111119
145,1987-11-03 00:00:00,lost Dallas Comegys to NJN,4712,115831
146,1987-11-03 00:00:00,added Les Jepsen to ATL,0,115831
147,1987-12-14 00:00:00,lost Mike McGee to SAC,443,116274
148,1987-12-14 00:00:00,added Rodney Monroe to ATL,-1658,114615
149,1987-12-14 00:00:00,added Donnie Boyce to ATL,-945,113670
150,1987-12-15 00:00:00,added Chris Washburn to ATL,-678,112991
151,1988-02-11 00:00:00,added Ennis Whatley to ATL,-1510,111480
152,1988-03-04 00:00:00,added Leon Wood to ATL,0,111480
153,1988-03-25 00:00:00,added Leon Wood to ATL,766,112247
154,1988-06-27 00:00:00,lost Randy Wittman to SAC,1580,113827
155,1988-06-27 00:00:00,lost Ricky Berry to SAC,2390,116218
156,1988-06-27 00:00:00,added Reggie Theus to ATL,1510,117728
157,1988-06-28 00:00:00,added Anthony Taylor to ATL,0,117728
158,1988-06-28 00:00:00,added Jorge Gonzalez to ATL,0,117728
159,1988-06-28 00:00:00,added Darryl Middleton to ATL,0,117728
160,1988-08-16 00:00:00,added Moses Malone to ATL,5044,122773
161,1988-10-06 00:00:00,added Dudley Bradley to ATL,-1228,121544
162,1988-10-06 00:00:00,added Ray Tolbert to ATL,-1841,119703
163,1988-10-06 00:00:00,added Duane Ferrell to ATL,-9623,110079
164,1989-02-14 00:00:00,added Pace Mannion to ATL,-156,109923
165,1989-06-27 00:00:00,added Roy Marble to ATL,-1198,108724
166,1989-06-27 00:00:00,added Haywoode Workman to ATL,0,108724
167,1989-09-29 00:00:00,added Sedric Toney to ATL,-686,108038
168,1990-01-05 00:00:00,added John Long to ATL,0,108038
169,1990-01-06 00:00:00,added Wes Matthews to ATL,75,108113
170,1990-01-25 00:00:00,added John Long to ATL,-2987,105126
171,1990-01-26 00:00:00,added Haywoode Workman to ATL,217,105344
172,1990-02-13 00:00:00,lost Antoine Carr to SAC,-1559,103784
173,1990-02-13 00:00:00,lost Sedric Toney to SAC,4092,107876
174,1990-02-13 00:00:00,added Kenny Smith to ATL,-471,107404
175,1990-02-13 00:00:00,added Mike Williams to ATL,-303,107100
