,date,Transaction,value,Running Score
1,1992-08-04,added Mario Elie to POR,2284,2284
2,1992-10-07,added Elliot Perry to POR,0,2284
3,1992-10-21,added Matt Fish to POR,0,2284
4,1992-10-23,lost Robert Pack to DEN,418,2702
5,1992-10-23,added Kevin Thompson to POR,0,2702
6,1992-12-05,added Joe Wolf to POR,-343,2359
7,1993-01-02,added Delaney Rudd to POR,-1045,1314
8,1993-06-24,lost Kevin Duckworth to WSB,14218,15532
9,1993-06-24,added Harvey Grant to POR,-5043,10489
10,1993-06-30,added James Robinson to POR,-7230,3258
11,1993-06-30,added Kevin Thompson to POR,-469,2788
12,1993-08-02,lost Mario Elie to HOU,-6189,-3400
13,1993-08-02,added Don Reid to POR,0,-3400
14,1993-08-03,added Chris Dudley to POR,-15091,-18491
15,1993-08-05,added Elliot Perry to POR,0,-18491
16,1993-12-21,added Jaren Jackson to POR,-822,-19314
17,1994-06-29,,0,-19314
18,1994-06-29,added Brian Grant to SAC,-4194,-23508
19,1994-06-29,added Michael Smith to SAC,-306,-23815
20,1994-06-29,added Lawrence Funderburke to SAC,-2302,-26118
21,1994-07-26,added Alaa Abdelnaby to SAC,-1475,-27593
22,1994-08-19,added Frank Brickowski to SAC,0,-27593
23,1994-10-06,added Jimmy Oliver to SAC,0,-27593
24,1994-10-31,added Doug Lee to SAC,345,-27248
25,1995-04-20,added Derrick Phelps to SAC,-139,-27388
26,1995-06-28,added Corliss Williamson to SAC,-26732,-54120
27,1995-06-28,added Tyus Edney to SAC,-7768,-61888
28,1995-06-28,added Dejan Bodiroga to SAC,0,-61888
29,1995-06-29,lost Spud Webb to ATL,245,-61643
30,1995-06-29,added Tyrone Corbin to SAC,-2912,-64556
31,1995-09-18,lost Frank Brickowski to SEA,3746,-60809
32,1995-09-18,added Byron Houston to SAC,-772,-61582
33,1995-09-18,added Šarūnas Marčiulionis to SAC,1350,-60231
34,1995-11-02,added Clint McDaniel to SAC,120,-60110
35,1996-02-22,lost Tyrone Corbin to MIA,601,-59509
36,1996-02-22,lost Walt Williams to MIA,-2048,-61557
37,1996-02-22,added Kevin Gamble to SAC,-1570,-63128
38,1996-02-22,added Billy Owens to SAC,-2236,-65365
39,1996-06-13,lost Šarūnas Marčiulionis to DEN,1224,-64141
40,1996-06-13,lost Jeff McInnis to DEN,-35,-64176
41,1996-06-13,added Mahmoud Abdul-Rauf to SAC,-8031,-72207
42,1996-06-26,added Peja Stojaković to SAC,41767,-30440
43,1996-06-26,added Jason Sasser to SAC,0,-30440
44,1996-06-27,lost Jason Sasser to POR,0,-30440
45,1996-10-03,added Dell Demps to SAC,0,-30440
46,1996-10-03,added Gaylon Nickerson to SAC,0,-30440
47,1996-10-31,added Kevin Salvadori to SAC,-1630,-32070
48,1996-11-16,added Lloyd Daniels to SAC,-537,-32608
49,1996-12-21,added Devin Gray to SAC,-97,-32705
50,1997-01-20,added Jeff Grayer to SAC,0,-32705
51,1997-02-09,added Jeff Grayer to SAC,-979,-33685
52,1997-06-25,added Tariq Abdul-Wahad to SAC,-8218,-41903
53,1997-06-25,added Anthony Johnson to SAC,-9970,-51874
54,1997-08-01,added Terry Dehere to SAC,-4844,-56718
55,1997-08-12,lost Duane Causwell to MIA,5552,-51165
56,1997-08-12,added Matt Fish to SAC,0,-51165
57,1997-08-12,added Gary Grant to SAC,0,-51165
58,1997-09-11,added Derek Grimm to SAC,-85,-51250
59,1997-09-11,added Anthony Avent to SAC,0,-51250
60,1997-09-11,added Michael Stewart to SAC,-2641,-53892
61,1997-12-23,added Mark Hendrickson to SAC,-2579,-56471
62,1998-02-18,lost Bobby Hurley to VAN,3664,-52807
63,1998-02-18,lost Michael Smith to VAN,1309,-51497
64,1998-02-18,added Chris Robinson to SAC,-758,-52256
65,1998-02-18,added Otis Thorpe to SAC,-747,-53004
66,1998-05-14,lost Mitch Richmond to WAS,-1889,-54893
67,1998-05-14,lost Otis Thorpe to WAS,461,-54432
68,1998-05-14,added Chris Webber to SAC,59311,4879
69,1998-06-24,added Jason Williams to SAC,-8423,-3543
70,1998-06-24,added Jerome James to SAC,-457,-4001
71,1999-01-21,added Isaac Fontaine to SAC,0,-4001
72,1999-01-21,added Peter Aluma to SAC,-99,-4100
73,1999-01-21,added Kevin Ollie to SAC,-428,-4528
74,1999-01-22,added Jon Barry to SAC,5748,1220
75,1999-01-22,added Vlade Divac to SAC,31535,32755
76,1999-01-22,added Vernon Maxwell to SAC,-1510,31245
77,1999-02-01,added Oliver Miller to SAC,-287,30958
78,1999-02-22,added Michael Hawkins to SAC,-751,30207
79,1999-02-24,added Scot Pollard to SAC,815,31022
80,1999-06-30,added Ryan Robertson to SAC,-135,30887
81,1999-08-03,lost Tariq Abdul-Wahad to ORL,964,31851
82,1999-08-03,lost Kendrick Perkins to ORL,0,31851
83,1999-08-03,added Nick Anderson to SAC,-1169,30682
84,1999-08-04,added Darrick Martin to SAC,-2819,27862
85,1999-08-16,added Tony Delk to SAC,-204,27658
86,1999-09-08,added Bill Wennington to SAC,-330,27327
87,1999-10-01,added Art Long to SAC,0,27327
88,1999-10-02,added Tyrone Corbin to SAC,-2540,24786
89,2000-06-28,added Hedo Türkoğlu to SAC,-1424,23362
90,2000-06-28,added Jabari Smith to SAC,-395,22967
91,2000-08-01,added Bobby Jackson to SAC,9214,32181
92,2000-09-30,lost Corliss Williamson to TOR,3278,35459
93,2000-09-30,added Doug Christie to SAC,23773,59232
94,2001-02-18,added Art Long to SAC,-276,58956
95,2001-06-27,added Gerald Wallace to SAC,-3356,55600
96,2001-06-27,added Maurice Jeffers to SAC,0,55600
97,2001-06-27,lost Nick Anderson to VAN,0,55600
98,2001-06-27,lost Jason Williams to VAN,0,55600
99,2001-06-27,added Mike Bibby to SAC,24833,80434
100,2001-06-27,added Brent Price to SAC,-525,79908
101,2001-09-07,lost Jon Barry to DET,-14075,65833
102,2001-09-07,lost Carlos Delfino to DET,3436,69269
103,2001-09-07,added Mateen Cleaves to SAC,-1992,67276
104,2001-10-01,added Torraye Braggs to SAC,0,67276
105,2001-10-01,added Mike Wilks to SAC,0,67276
106,2002-02-26,added Chucky Brown to SAC,-257,67019
107,2002-06-26,added Dan Dickau to SAC,0,67019
108,2002-06-26,added Corsley Edwards to SAC,0,67019
109,2002-06-26,lost Dan Dickau to ATL,3098,70117
110,2002-06-26,added Carlos Delfino to SAC,0,70117
111,2002-08-14,added Keon Clark to SAC,-356,69761
112,2002-10-18,added Damon Jones to SAC,-70,69690
113,2002-11-30,added Jim Jackson to SAC,-1963,67727
114,2003-06-25,lost Brandon Hunter to BOS,974,68701
115,2003-06-25,lost Orien Greene to BOS,5434,74135
116,2003-06-25,added Darius Songaila to SAC,-2672,71463
117,2003-07-24,lost Hedo Türkoğlu to SAS,-5182,66280
118,2003-07-24,lost Scot Pollard to IND,4334,70614
119,2003-07-24,added Brad Miller to SAC,28916,99531
120,2003-08-05,lost Keon Clark to UTA,24,99555
121,2003-08-05,lost Luis Flores to UTA,0,99555
122,2003-08-05,lost Stanko Barać to UTA,0,99555
123,2003-08-15,added Anthony Peeler to SAC,-695,98859
124,2003-08-22,added Tony Massenburg to SAC,-4812,94046
125,2003-08-29,added Rodney Buford to SAC,0,94046
126,2004-01-10,added Jabari Smith to SAC,-1293,92753
127,2004-02-21,added Rodney Buford to SAC,-1015,91738
128,2004-06-24,added Kevin Martin to SAC,13655,105393
129,2004-06-24,added Ricky Minard to SAC,0,105393
130,2004-07-20,added Greg Ostertag to SAC,-1223,104170
131,2004-10-01,added Maurice Evans to SAC,-2712,101458
132,2004-10-01,added Matt Barnes to SAC,-4475,96982
133,2004-10-01,added Erik Daniels to SAC,-547,96435
134,2005-01-10,lost Doug Christie to ORL,1375,97811
135,2005-01-10,added Michael Bradley to SAC,-225,97585
136,2005-01-10,added Cuttino Mobley to SAC,-831,96754
137,2005-02-23,lost Matt Barnes to PHI,1829,98583
138,2005-02-23,lost Michael Bradley to PHI,1649,100233
139,2005-02-23,lost Chris Webber to PHI,3197,103430
140,2005-02-23,added Brian Skinner to SAC,-12,103418
141,2005-02-23,added Kenny Thomas to SAC,-6296,97122
142,2005-02-23,added Corliss Williamson to SAC,-8889,88232
143,2005-06-28,added Francisco García to SAC,-933,87299
144,2005-08-02,lost Bobby Jackson to MEM,-710,86589
145,2005-08-02,lost Greg Ostertag to MEM,0,86589
146,2005-08-02,added Bonzi Wells to SAC,673,87262
147,2005-08-02,lost Ryan Hollins to CHA,3445,90707
148,2005-08-02,added Jason Hart to SAC,-3974,86733
149,2005-08-02,added Ronnie Price to SAC,-1493,85239
150,2005-08-10,added Jamal Sampson to SAC,382,85622
151,2005-08-12,added Shareef Abdur-Rahim to SAC,-3624,81997
152,2006-01-25,lost Peja Stojaković to IND,-4798,77199
153,2006-01-25,added Metta World Peace to SAC,14118,91317
154,2006-02-23,lost Brian Skinner to POR,2111,93428
155,2006-02-23,added Sergei Monia to SAC,-32,93396
156,2006-02-23,added Vitaly Potapenko to SAC,-567,92829
157,2006-06-28,added Quincy Douby to SAC,-5364,87465
158,2006-07-08,added Lou Amundson to SAC,0,87465
159,2006-07-24,added John Salmons to SAC,-13986,73478
160,2006-07-24,added Justin Williams to SAC,0,73478
161,2006-08-15,added Loren Woods to SAC,0,73478
162,2006-10-03,added Maurice Taylor to SAC,-751,72727
163,2007-01-05,added Justin Williams to SAC,-1199,71527
164,2007-06-28,added Spencer Hawes to SAC,-12878,58648
165,2007-07-13,added Mikki Moore to SAC,-8633,50015
166,2007-08-30,added Orien Greene to SAC,-664,49350
167,2007-10-01,added Darryl Watkins to SAC,-837,48512
168,2007-11-01,added Beno Udrih to SAC,-7591,40921
169,2007-12-10,added Dahntay Jones to SAC,-123,40797
170,2008-02-16,lost Mike Bibby to ATL,-2606,38190
171,2008-02-16,added Anthony Johnson to SAC,-1680,36509
172,2008-02-16,added Tyronn Lue to SAC,0,36509
173,2008-02-16,added Shelden Williams to SAC,-2694,33815
174,2008-02-16,added Lorenzen Wright to SAC,-288,33526
175,2008-02-16,added Sean Singletary to SAC,0,33526
176,2008-06-26,added Jason Thompson to SAC,-38604,-5078
177,2008-06-26,added Sean Singletary to SAC,0,-5078
178,2008-06-26,added Patrick Ewing to SAC,0,-5078
179,2008-07-25,added Bobby Brown to SAC,-4117,-9195
180,2008-08-14,lost Metta World Peace to HOU,-4658,-13854
181,2008-08-14,lost Patrick Ewing to HOU,0,-13854
182,2008-08-14,lost Sean Singletary to HOU,0,-13854
183,2008-08-14,added Donté Greene to SAC,-11882,-25736
184,2008-08-14,added Bobby Jackson to SAC,-2671,-28407
185,2008-08-14,added Omri Casspi to SAC,0,-28407
186,2009-02-17,added Sam Cassell to SAC,0,-28407
187,2009-02-18,lost Brad Miller to CHI,-6,-28414
188,2009-02-18,lost John Salmons to CHI,-2120,-30534
189,2009-02-18,added Drew Gooden to SAC,-10,-30544
190,2009-02-18,added Andrés Nocioni to SAC,-4756,-35301
191,2009-02-18,added Michael Ruffin to SAC,0,-35301
192,2009-02-18,added Cedric Simmons to SAC,-411,-35713
193,2009-02-18,lost Michael Ruffin to POR,105,-35608
194,2009-02-18,added Ike Diogu to SAC,298,-35310
195,2009-02-19,lost Bobby Brown to MIN,563,-34747
196,2009-02-19,lost Shelden Williams to MIN,351,-34395
197,2009-02-19,added Calvin Booth to SAC,-280,-34675
198,2009-02-19,added Rashad McCants to SAC,279,-34396
199,2009-02-19,added Will Solomon to SAC,-268,-34665
200,2009-06-25,added Tyreke Evans to SAC,6094,-28571
201,2009-06-25,added Omri Casspi to SAC,-5122,-33693
202,2009-06-25,added Jeff Ayres to SAC,0,-33693
203,2009-06-25,lost Jeff Ayres to POR,1215,-32478
204,2009-06-25,added Jon Brockman to SAC,-1962,-34440
205,2009-06-25,added Sergio Rodríguez to SAC,258,-34182
206,2009-08-03,added Sean May to SAC,-1026,-35208
207,2009-08-17,added Desmond Mason to SAC,-376,-35584
208,2009-11-04,added Ime Udoka to SAC,-1793,-37377
209,2010-01-11,added Hilton Armstrong to SAC,-168,-37545
210,2010-02-18,lost Sergio Rodríguez to NYK,1593,-35952
211,2010-02-18,lost Hilton Armstrong to HOU,504,-35448
212,2010-02-18,lost Kevin Martin to HOU,-9204,-44653
213,2010-02-18,added Joey Dorsey to SAC,-332,-44986
214,2010-02-18,added Carl Landry to SAC,-6837,-51824
215,2010-02-18,added Larry Hughes to SAC,0,-51824
216,2010-02-18,added Dominic McGuire to SAC,-495,-52320
217,2010-03-03,added Garrett Temple to SAC,-5408,-57728
218,2010-06-20,lost Spencer Hawes to PHI,2667,-55061
219,2010-06-20,lost Andrés Nocioni to PHI,3049,-52011
220,2010-06-20,added Samuel Dalembert to SAC,-4263,-56274
221,2010-06-24,added DeMarcus Cousins to SAC,34526,-21748
222,2010-06-24,added Hassan Whiteside to SAC,-1431,-23179
223,2010-07-21,lost Jon Brockman to MIL,4193,-18985
224,2010-07-21,added Darnell Jackson to SAC,-1701,-20686
225,2010-07-21,added Isaiah Thomas to SAC,0,-20686
226,2010-07-23,added Antoine Wright to SAC,-443,-21129
227,2010-07-23,added Eugene Jeter to SAC,-2831,-23961
228,2010-09-05,added Luther Head to SAC,-410,-24371
229,2010-09-21,added Marcus Landry to SAC,0,-24371
230,2010-09-25,added J.R. Giddens to SAC,0,-24371
231,2010-09-28,added Kenny Thomas to SAC,0,-24371
232,2010-12-15,added Jermaine Taylor to SAC,-1583,-25954
233,2011-02-23,lost Carl Landry to NOH,1464,-24490
234,2011-02-23,added Marcus Thornton to SAC,1854,-22636
235,2011-02-24,added Marquis Daniels to SAC,0,-22636
236,2011-06-23,added Bismack Biyombo to SAC,0,-22636
237,2011-06-23,added Tyler Honeycutt to SAC,-616,-23252
238,2011-06-23,added Isaiah Thomas to SAC,10376,-12876
239,2011-06-23,lost Beno Udrih to MIL,3274,-9601
240,2011-06-23,lost Bismack Biyombo to CHA,17597,7996
241,2011-06-23,added Jimmer Fredette to SAC,-4467,3528
242,2011-06-23,added John Salmons to SAC,-11013,-7484
243,2011-06-30,lost Omri Casspi to CLE,3000,-4484
244,2011-06-30,lost Jordan Bell to CLE,0,-4484
245,2011-06-30,added J.J. Hickson to SAC,-2640,-7124
246,2011-12-17,added Travis Outlaw to SAC,-4356,-11481
247,2011-12-24,added Chuck Hayes to SAC,-5096,-16577
248,2012-03-21,added Terrence Williams to SAC,147,-16429
249,2012-06-28,added Thomas Robinson to SAC,-4530,-20960
250,2012-06-28,added Orlando Johnson to SAC,-525,-21485
251,2012-06-29,lost Orlando Johnson to IND,1346,-20138
252,2012-07-16,lost DeAndre Daniels to TOR,0,-20138
253,2012-07-16,added James Johnson to SAC,-3073,-23211
254,2012-07-16,added Aaron Brooks to SAC,-2013,-25225
255,2012-09-24,added Hamady N'Diaye to SAC,-577,-25802
256,2013-02-20,lost Francisco García to HOU,374,-25428
257,2013-02-20,lost Tyler Honeycutt to HOU,0,-25428
258,2013-02-20,lost Thomas Robinson to HOU,1037,-24390
259,2013-02-20,added Cole Aldrich to SAC,-87,-24478
260,2013-02-20,added Toney Douglas to SAC,676,-23801
261,2013-02-20,added Patrick Patterson to SAC,-1744,-25546
