date,Transaction,single_value,value
2007-06-28 00:00:00,added Greg Oden to POR,311,311
2007-06-28 00:00:00,added Josh McRoberts to POR,103,415
2007-06-28 00:00:00,added Derrick Byars to POR,0,415
2007-06-28 00:00:00,added Taurean Green to POR,-343,71
2007-06-28 00:00:00,added Demetris Nichols to POR,0,71
2007-06-28 00:00:00,lost Derrick Byars to PHI,0,71
2007-06-28 00:00:00,added Petteri Koponen to POR,0,71
2007-06-28 00:00:00,lost Dan Dickau to NYK,0,71
2007-06-28 00:00:00,lost Fred Jones to NYK,2284,2356
2007-06-28 00:00:00,lost Zach Randolph to NYK,1424,3780
2007-06-28 00:00:00,added Steve Francis to POR,0,3780
2007-06-28 00:00:00,added Channing Frye to POR,-5548,-1768
2007-06-28 00:00:00,lost Demetris Nichols to NYK,10,-1757
2007-06-28 00:00:00,added Ömer Aşık to POR,0,-1757
2007-07-11 00:00:00,added Rudy Fernández to POR,9779,8021
2007-07-11 00:00:00,added James Jones to POR,1658,9680
2007-07-13 00:00:00,added Steve Blake to POR,-402,9277
2008-02-21 00:00:00,lost Taurean Green to DEN,213,9490
2008-02-21 00:00:00,added Von Wafer to POR,-320,9170
2008-06-26 00:00:00,added Brandon Rush to POR,0,9170
2008-06-26 00:00:00,added Joey Dorsey to POR,0,9170
2008-06-26 00:00:00,added Ömer Aşık to POR,0,9170
2008-06-26 00:00:00,added Mike Taylor to POR,0,9170
2008-06-26 00:00:00,lost Mike Taylor to LAC,4009,13179
2008-06-26 00:00:00,added Dante Cunningham to POR,0,13179
2008-06-26 00:00:00,added Darrell Arthur to POR,0,13179
2008-06-26 00:00:00,lost Darrell Arthur to MEM,11753,24933
2008-06-26 00:00:00,lost Joey Dorsey to HOU,2867,27800
2008-06-26 00:00:00,added Nicolas Batum to POR,35775,63575
2008-06-28 00:00:00,lost Ömer Aşık to CHI,3069,66645
2008-06-28 00:00:00,added Jon Brockman to POR,0,66645
2008-06-28 00:00:00,added Jerome Jordan to POR,0,66645
2008-06-28 00:00:00,added Patty Mills to POR,0,66645
2008-07-09 00:00:00,lost Jarrett Jack to IND,3802,70448
2008-07-09 00:00:00,lost Josh McRoberts to IND,-2926,67521
2008-07-09 00:00:00,lost Brandon Rush to IND,9689,77211
2008-07-09 00:00:00,added Jerryd Bayless to POR,-5491,71719
2008-07-09 00:00:00,added Ike Diogu to POR,-532,71186
2008-09-25 00:00:00,added Shavlik Randolph to POR,-140,71046
2009-02-18 00:00:00,lost Ike Diogu to SAC,-298,70748
2009-02-18 00:00:00,added Michael Ruffin to POR,-105,70643
2009-06-24 00:00:00,lost Byron Mullens to DAL,0,70643
2009-06-24 00:00:00,lost Ahman Nivins to DAL,0,70643
2009-06-24 00:00:00,added Victor Claver to POR,0,70643
2009-06-25 00:00:00,added Victor Claver to POR,-3836,66806
2009-06-25 00:00:00,added Dante Cunningham to POR,-5150,61656
2009-06-25 00:00:00,added Jon Brockman to POR,0,61656
2009-06-25 00:00:00,added Patty Mills to POR,-1562,60093
2009-06-25 00:00:00,lost Jon Brockman to SAC,1962,62055
2009-06-25 00:00:00,lost Sergio Rodríguez to SAC,-258,61797
2009-06-25 00:00:00,added Jeff Ayres to POR,-1215,60582
2009-07-24 00:00:00,added Andre Miller to POR,8740,69322
2009-09-17 00:00:00,added Juwan Howard to POR,-5712,63610
2009-09-25 00:00:00,added Ime Udoka to POR,0,63610
2009-09-26 00:00:00,added Jarron Collins to POR,-381,63228
2009-12-17 00:00:00,added Anthony Tolliver to POR,-1898,61330
2009-12-30 00:00:00,added Shavlik Randolph to POR,0,61330
2010-01-08 00:00:00,added Shavlik Randolph to POR,-30,61299
2010-02-16 00:00:00,lost Steve Blake to LAC,1371,62671
2010-02-16 00:00:00,lost Travis Outlaw to LAC,748,63419
2010-02-16 00:00:00,added Marcus Camby to POR,5733,69152
2010-03-03 00:00:00,added Travis Diener to POR,-96,69056
2010-06-21 00:00:00,lost Jerome Jordan to GSW,0,69056
2010-06-21 00:00:00,added Armon Johnson to POR,0,69056
2010-06-24 00:00:00,added Elliot Williams to POR,-14,69041
2010-06-24 00:00:00,added Armon Johnson to POR,-1388,67653
2010-06-24 00:00:00,lost Martell Webster to MIN,3246,70899
2010-06-24 00:00:00,added Luke Babbitt to POR,-4466,66433
2010-06-24 00:00:00,added Ryan Gomes to POR,0,66433
2017-06-22 00:00:00,,0,66433
2017-06-22 00:00:00,added T.J. Leaf to IND,0,66433
2017-06-22 00:00:00,added Ike Anigbogu to IND,0,66433
2017-06-22 00:00:00,added Edmond Sumner to IND,0,66433
2017-07-03 00:00:00,added T.J. Leaf to IND,-2112,64320
2017-07-05 00:00:00,added Edmond Sumner to IND,-1099,63221
2017-07-06 00:00:00,lost Paul George to OKC,-28839,34382
2017-07-06 00:00:00,added Victor Oladipo to IND,16325,50708
2017-07-06 00:00:00,added Domantas Sabonis to IND,3706,54414
2017-07-07 00:00:00,added Darren Collison to IND,9306,63720
2017-07-10 00:00:00,added Bojan Bogdanović to IND,76,63797
2017-07-12 00:00:00,added Ike Anigbogu to IND,-40,63756
2017-07-14 00:00:00,lost Emir Preldžić to TOR,0,63756
2017-07-14 00:00:00,added Cory Joseph to IND,-4140,59616
2017-08-15 00:00:00,added Damien Wilkins to IND,-927,58689
2017-08-15 00:00:00,added Ben Moore to IND,0,58689
2017-08-22 00:00:00,added Alex Poythress to IND,-530,58159
2017-09-07 00:00:00,added DeQuan Jones to IND,0,58159
2017-09-07 00:00:00,added Trey McKinney-Jones to IND,0,58159
2017-09-25 00:00:00,added Jarrod Uthoff to IND,0,58159
2018-01-12 00:00:00,added Ben Moore to IND,-83,58075
2018-02-21 00:00:00,added Trey McKinney-Jones to IND,-8,58066
2018-03-03 00:00:00,added Trevor Booker to IND,-295,57771
2018-06-21 00:00:00,added Aaron Holiday to IND,0,57771
2018-06-21 00:00:00,added Alize Johnson to IND,0,57771
2018-07-01 00:00:00,added Aaron Holiday to IND,-8560,49211
2018-07-06 00:00:00,added Tyreke Evans to IND,-3785,45425
2018-07-06 00:00:00,added Doug McDermott to IND,-2847,42578
2018-07-09 00:00:00,added Kyle O'Quinn to IND,148,42726
2018-07-16 00:00:00,added Alize Johnson to IND,-681,42045
2018-08-03 00:00:00,added C.J. Wilcox to IND,0,42045
2018-09-04 00:00:00,added Ben Moore to IND,0,42045
2018-09-21 00:00:00,added Omari Johnson to IND,0,42045
2018-10-19 00:00:00,added Davon Reed to IND,-258,41786
2019-01-20 00:00:00,added Stephan Hicks to IND,0,41786
2019-02-07 00:00:00,added Wade Baldwin to IND,0,41786
2019-02-07 00:00:00,added Maarty Leunen to IND,0,41786
2019-02-07 00:00:00,added Nik Stauskas to IND,0,41786
2019-02-07 00:00:00,added Sandro Mamukelashvili to IND,0,41786
2019-02-10 00:00:00,added Wesley Matthews to IND,-1740,40046
2019-06-20 00:00:00,added Goga Bitadze to IND,0,40046
2019-06-20 00:00:00,added Jarrell Brantley to IND,0,40046
2019-06-21 00:00:00,lost Jarrell Brantley to UTA,1,40048
2019-06-21 00:00:00,added Georgios Kalaitzakis to IND,0,40048
2019-07-01 00:00:00,added Brian Bowen II to IND,-337,39710
2019-07-06 00:00:00,added Luke Travers to IND,0,39710
2019-07-06 00:00:00,added T.J. Warren to IND,1778,41488
2019-07-06 00:00:00,lost R.J. Hampton to MIL,0,41488
2019-07-06 00:00:00,lost Max Christie to MIL,0,41488
2019-07-06 00:00:00,added Malcolm Brogdon to IND,9825,51314
2019-07-07 00:00:00,added Jeremy Lamb to IND,248,51562
2019-07-15 00:00:00,added Goga Bitadze to IND,-2449,49112
2019-07-29 00:00:00,added Edmond Sumner to IND,-3707,45405
2019-07-29 00:00:00,added T.J. McConnell to IND,3177,48583
2019-07-31 00:00:00,added Naz Mitrou-Long to IND,-65,48517
2019-07-31 00:00:00,added Justin Holiday to IND,2373,50891
2019-08-02 00:00:00,added JaKarr Sampson to IND,-659,50231
2019-10-10 00:00:00,added Walt Lemon Jr. to IND,0,50231
2019-10-21 00:00:00,added Domantas Sabonis to IND,22893,73125
2020-11-18 00:00:00,added Cassius Stanley to IND,0,73125
2020-11-22 00:00:00,added Justin Holiday to IND,-4590,68535
2020-11-25 00:00:00,lost T.J. Leaf to OKC,0,68535
2020-11-25 00:00:00,added Jalen Lecque to IND,-156,68379
2020-11-27 00:00:00,added Brian Bowen II to IND,-165,68214
2020-11-29 00:00:00,added Cassius Stanley to IND,-1041,67172
2020-11-29 00:00:00,added JaKarr Sampson to IND,-2370,64802
2020-11-29 00:00:00,added Kelan Martin to IND,-2238,62564
2021-01-13 00:00:00,lost Victor Oladipo to HOU,869,63434
2021-01-13 00:00:00,added Caris Levert to IND,-364,63070
2021-01-13 00:00:00,added Jalen Pickett to IND,0,63070
2021-04-01 00:00:00,added Oshae Brisset to IND,0,63070
2021-04-21 00:00:00,added Oshae Brisset to IND,-6595,56475
2021-04-23 00:00:00,added Amida Brimah to IND,-139,56336
2021-07-29 00:00:00,added Chris Duarte to IND,0,56336
2021-07-29 00:00:00,added Sandro Mamukelashvili to IND,0,56336
2021-07-29 00:00:00,added Georgios Kalaitzakis to IND,0,56336
2021-07-30 00:00:00,lost Georgios Kalaitzakis to MIL,379,56715
2021-07-30 00:00:00,lost Sandro Mamukelashvili to MIL,903,57618
2021-07-30 00:00:00,added Isaiah Todd to IND,0,57618
2021-08-04 00:00:00,added Chris Duarte to IND,-7580,50037
2021-08-05 00:00:00,added Terry Taylor to IND,0,50037
2021-08-05 00:00:00,added Keifer Sykes to IND,0,50037
2021-08-05 00:00:00,added Duane Washington Jr. to IND,-4549,45488
2021-08-06 00:00:00,lost Aaron Holiday to WAS,1392,46880
2021-08-06 00:00:00,lost Isaiah Todd to WAS,1376,48257
2021-08-06 00:00:00,added Isaiah Jackson to IND,0,48257
2021-08-06 00:00:00,added T.J. McConnell to IND,1349,49607
2021-08-07 00:00:00,lost Doug McDermott to SAS,7262,56869
2021-08-07 00:00:00,added Doug McDermott to IND,0,56869
2021-08-11 00:00:00,added Isaiah Jackson to IND,-1699,55170
2021-08-20 00:00:00,added Torrey Craig to IND,-2274,52895
2021-08-24 00:00:00,added DeJon Jarreau to IND,-8,52887
2021-09-07 00:00:00,added Nate Hinton to IND,0,52887
2021-10-06 00:00:00,lost Edmond Sumner to BRK,1913,54800
2021-10-06 00:00:00,added Juan Pablo Vaulet to IND,0,54800
2021-10-06 00:00:00,added Brad Wanamaker to IND,-1933,52867
2021-10-15 00:00:00,added Justin Anderson to IND,0,52867
2021-10-15 00:00:00,added Bennie Boatwright to IND,0,52867
2021-10-15 00:00:00,added Derek Culver to IND,0,52867
2021-12-15 00:00:00,added Terry Taylor to IND,-1636,51230
2021-12-27 00:00:00,added Keifer Sykes to IND,-3905,47324
2021-12-30 00:00:00,added Nate Hinton to IND,0,47324
2021-12-31 00:00:00,added Ahmad Caver to IND,36,47361
2022-01-01 00:00:00,added Lance Stephenson to IND,0,47361
2022-01-01 00:00:00,added Justin Anderson to IND,0,47361
2022-01-14 00:00:00,added Lance Stephenson to IND,0,47361
2022-01-24 00:00:00,added Lance Stephenson to IND,0,47361
2022-02-03 00:00:00,added Lance Stephenson to IND,-2083,45278
2022-02-04 00:00:00,added Reggie Perry to IND,-89,45189
2022-02-07 00:00:00,lost Caris Levert to CLE,2205,47394
2022-02-07 00:00:00,lost Luke Travers to CLE,0,47394
2022-02-07 00:00:00,added Ricky Rubio to IND,0,47394
2022-02-07 00:00:00,added Andrew Nembhard to IND,0,47394
2022-02-07 00:00:00,added Ben Sheppard to IND,0,47394
2022-02-07 00:00:00,added future 2nd round pick to IND,0,47394
2022-02-08 00:00:00,lost Justin Holiday to SAC,2179,49574
2022-02-08 00:00:00,lost Jeremy Lamb to SAC,483,50057
2022-02-08 00:00:00,lost Domantas Sabonis to SAC,-17028,33029
2022-02-08 00:00:00,lost Jordan Walsh to SAC,0,33029
2022-02-08 00:00:00,added Tyrese Haliburton to IND,16184,49213
2022-02-08 00:00:00,added Buddy Hield to IND,3698,52911
2022-02-08 00:00:00,added Tristan Thompson to IND,-448,52462
2022-02-10 00:00:00,lost Torrey Craig to PHO,1787,54249
2022-02-10 00:00:00,added Jalen Smith to IND,434,54684
2022-02-10 00:00:00,added Hugo Besson to IND,0,54684
2022-03-28 00:00:00,added Justin Anderson to IND,-887,53796
2022-04-07 00:00:00,added Gabe York to IND,-31,53764
2022-04-07 00:00:00,added Nate Hinton to IND,-85,53679
2022-06-23 00:00:00,added Bennedict Mathurin to IND,0,53679
2022-06-23 00:00:00,added Andrew Nembhard to IND,0,53679
2022-06-23 00:00:00,added Hugo Besson to IND,0,53679
2022-06-24 00:00:00,added Kendall Brown to IND,0,53679
2022-06-24 00:00:00,added future 2nd round pick to IND,0,53679
2022-06-24 00:00:00,lost Hugo Besson to MIL,0,53679
2022-07-03 00:00:00,added Bennedict Mathurin to IND,-8221,45458
2022-07-06 00:00:00,added Jalen Smith to IND,-2685,42772
2022-07-09 00:00:00,lost Malcolm Brogdon to BOS,-4883,37889
2022-07-09 00:00:00,added Malik Fitts to IND,0,37889
2022-07-09 00:00:00,added Juwan Morgan to IND,0,37889
2022-07-09 00:00:00,added Aaron Nesmith to IND,-5448,32441
2022-07-09 00:00:00,added Nik Stauskas to IND,0,32441
2022-07-09 00:00:00,added Daniel Theis to IND,-152,32288
2022-07-09 00:00:00,added Julian Strawther to IND,0,32288
2022-07-22 00:00:00,added Andrew Nembhard to IND,-6633,25654
2022-08-18 00:00:00,added Deividas Sirvydis to IND,0,25654
2022-09-15 00:00:00,added David Stockton to IND,0,25654
2022-09-15 00:00:00,added Bennie Boatwright to IND,0,25654
2022-09-15 00:00:00,added James Johnson to IND,0,25654
2022-09-16 00:00:00,added Gabe York to IND,0,25654
2022-09-16 00:00:00,added Kendall Brown to IND,-116,25538
2022-09-22 00:00:00,added Langston Galloway to IND,0,25538
2022-09-23 00:00:00,added Norvel Pelle to IND,0,25538
2022-09-23 00:00:00,added Justin Anderson to IND,0,25538
2022-10-11 00:00:00,added Trevelin Queen to IND,-504,25034
2022-10-15 00:00:00,added Jermaine Samuels to IND,0,25034
2022-10-15 00:00:00,added Tevin Brown to IND,0,25034
2022-10-15 00:00:00,added Eli Brooks to IND,0,25034
2023-02-09 00:00:00,lost Juan Vaulet to BRK,0,25034
2023-02-09 00:00:00,added George Hill to IND,-99,24935
2023-02-09 00:00:00,added Serge Ibaka to IND,0,24935
2023-02-09 00:00:00,added Jordan Nwora to IND,-1063,23871
2023-02-09 00:00:00,added Isaiah Wong to IND,0,23871
2023-02-09 00:00:00,added future 2nd round pick to IND,0,23871
2023-02-09 00:00:00,added future 2nd round pick to IND,0,23871
2023-02-13 00:00:00,added James Johnson to IND,-712,23158
2023-03-30 00:00:00,added Gabe York to IND,-196,22962
2023-06-22 00:00:00,added Bilal Coulibaly to IND,0,22962
2023-06-22 00:00:00,added Ben Sheppard to IND,0,22962
2023-06-22 00:00:00,added Julian Strawther to IND,0,22962
2023-06-22 00:00:00,added Jalen Pickett to IND,0,22962
2023-06-22 00:00:00,added Isaiah Wong to IND,0,22962
2023-06-23 00:00:00,lost Jalen Pickett to DEN,0,22962
2023-06-23 00:00:00,lost Julian Strawther to DEN,0,22962
2023-06-23 00:00:00,added Mojave King to IND,0,22962
2023-06-23 00:00:00,added future 1st round pick to IND,0,22962
2023-06-23 00:00:00,added future 1st round pick to IND,0,22962
2023-06-23 00:00:00,lost Bilal Coulibaly to WAS,0,22962
2023-06-23 00:00:00,added future 2nd round pick to IND,0,22962
2023-06-23 00:00:00,added Jarace Walker to IND,0,22962
2023-06-23 00:00:00,added future 2nd round pick to IND,0,22962
2023-07-01 00:00:00,added Jarace Walker to IND,0,22962
2023-07-01 00:00:00,added Ben Sheppard to IND,0,22962
2023-07-03 00:00:00,added Isaiah Wong to IND,0,22962
2023-07-03 00:00:00,added Oscar Tshiebwe to IND,0,22962
2023-07-06 00:00:00,lost Chris Duarte to SAC,0,22962
2023-07-06 00:00:00,added future 2nd round pick to IND,0,22962
2023-07-06 00:00:00,added future 2nd round pick to IND,0,22962
2023-07-06 00:00:00,added Bruce Brown to IND,0,22962
2023-07-07 00:00:00,added Obi Toppin to IND,0,22962
2023-07-07 00:00:00,lost future 2nd round pick to NYK,0,22962
2023-07-07 00:00:00,lost future 2nd round pick to NYK,0,22962
2023-07-25 00:00:00,added Kendall Brown to IND,0,22962
2023-12-15 00:00:00,added James Johnson to IND,0,22962
