date,Transaction,single_value_bpm,value_bpm,single_value_vorp,value_vorp,transaction_type,player_name
1990-06-25 00:00:00,lost Adonis Jordan to ORL,-0.0,0,-0.0,0.0,trade,Adonis Jordan
1990-06-25 00:00:00,lost Rashard Griffith to ORL,-0.0,0,-0.0,0.0,trade,Rashard Griffith
1990-06-25 00:00:00,added Reggie Theus to BRK,-3250.5000000000005,-3250,0.6,0.6,trade,Reggie Theus
1990-06-26 00:00:00,lost Dennis Hopson to CHI,2945.0,-305,0.4,1.0,trade,Dennis Hopson
1990-06-26 00:00:00,added Tate George to BRK,0.0,-305,0.0,1.0,trade,Tate George
1990-06-26 00:00:00,added Von McDade to BRK,0.0,-305,0.0,1.0,trade,Von McDade
1990-06-26 00:00:00,added P.J. Brown to BRK,0.0,-305,0.0,1.0,trade,P.J. Brown
1990-06-27 00:00:00,added Derrick Coleman to BRK,32859.8,32554,14.4,15.4,draft,Derrick Coleman
1990-06-27 00:00:00,added Tate George to BRK,-6921.4,25632,-0.7,14.7,draft,Tate George
1990-06-27 00:00:00,added Jud Buechler to BRK,-1719.8000000000002,23913,0.0,14.7,trade,Jud Buechler
1990-08-16 00:00:00,added Dan Godfread to BRK,0.0,23913,0.0,14.7,signing,Dan Godfread
1990-08-23 00:00:00,added Doug Lee to BRK,-1043.8,22869,-0.1,14.6,signing,Doug Lee
1990-10-01 00:00:00,added Kurk Lee to BRK,-1669.5,21199,-0.3,14.3,signing,Kurk Lee
1990-10-01 00:00:00,added Dan O'Sullivan to BRK,0.0,21199,0.0,14.3,signing,Dan O'Sullivan
1991-01-16 00:00:00,lost Lester Conner to MIL,-2468.8,18731,-1.6,12.7,trade,Lester Conner
1991-01-16 00:00:00,added Greg Anderson to BRK,172.79999999999998,18903,0.1,12.8,trade,Greg Anderson
1991-01-23 00:00:00,lost Greg Anderson to DEN,13384.3,32288,1.7,14.5,multitrade,Greg Anderson
1991-01-23 00:00:00,lost Bryant Stith to DEN,9427.9,41716,-4.3,10.2,multitrade,Bryant Stith
1991-01-23 00:00:00,added Terry Mills to NJN,-4083.0,37633,0.1,10.3,multitrade,Terry Mills
1991-01-23 00:00:00,added Dražen Petrović to NJN,5646.0,43279,4.6,14.9,multitrade,Dražen Petrović
1991-01-23 00:00:00,added Kevin Thompson to NJN,0.0,43279,0.0,14.9,multitrade,Kevin Thompson
1991-06-26 00:00:00,added Kenny Anderson to BRK,20327.8,63606,10.0,24.9,draft,Kenny Anderson
1991-06-26 00:00:00,added Von McDade to BRK,0.0,63606,0.0,24.9,draft,Von McDade
1991-09-30 00:00:00,added Emanual Davis to BRK,0.0,63606,0.0,24.9,signing,Emanual Davis
1991-10-04 00:00:00,added Rafael Addison to BRK,-8759.7,54847,-1.0,23.9,signing,Rafael Addison
1991-10-07 00:00:00,added Dave Feitl to BRK,0.0,54847,0.0,23.9,signing,Dave Feitl
1991-11-13 00:00:00,added Dave Feitl to BRK,-1225.0,53622,-0.2,23.7,signing,Dave Feitl
1992-06-24 00:00:00,added P.J. Brown to BRK,-2509.0,51113,3.0,26.7,draft,P.J. Brown
1992-06-24 00:00:00,added Steve Rogers to BRK,0.0,51113,0.0,26.7,draft,Steve Rogers
1992-07-30 00:00:00,added Dan O'Sullivan to BRK,-8.0,51105,0.0,26.7,signing,Dan O'Sullivan
1992-10-01 00:00:00,added Dwayne Schintzius to BRK,-3623.2,47481,-0.5,26.2,signing,Dwayne Schintzius
1992-10-07 00:00:00,added Melvin Newbern to BRK,0.0,47481,0.0,26.2,signing,Melvin Newbern
1992-10-07 00:00:00,added Chucky Brown to BRK,-2490.6,44991,0.0,26.2,signing,Chucky Brown
1992-10-08 00:00:00,lost William Njoku to PHI,-0.0,44991,-0.0,26.2,trade,William Njoku
1992-10-08 00:00:00,lost Kebu Stewart to PHI,154.0,45145,-0.0,26.2,trade,Kebu Stewart
1992-10-08 00:00:00,added Jayson Williams to BRK,-18945.1,26200,-0.4000000000000002,25.8,trade,Jayson Williams
1992-11-03 00:00:00,lost Mookie Blaylock to ATL,-92041.1,-65840,-33.0,-7.199999999999999,trade,Mookie Blaylock
1992-11-03 00:00:00,lost Roy Hinson to ATL,-0.0,-65840,-0.0,-7.199999999999999,trade,Roy Hinson
1992-11-03 00:00:00,added Rumeal Robinson to BRK,-3021.8,-68862,0.2,-6.999999999999999,trade,Rumeal Robinson
1992-11-09 00:00:00,added Rick Mahorn to BRK,-8798.0,-77660,-1.0,-7.999999999999999,signing,Rick Mahorn
1993-01-07 00:00:00,added Maurice Cheeks to BRK,510.0,-77150,0.4,-7.599999999999999,signing,Maurice Cheeks
1993-02-06 00:00:00,added Bernard King to BRK,-430.0,-77580,0.1,-7.499999999999999,signing,Bernard King
1993-03-03 00:00:00,added Doug Lee to BRK,-290.40000000000003,-77871,-0.1,-7.599999999999999,signing,Doug Lee
1993-04-09 00:00:00,added Dave Hoppen to BRK,-58.0,-77929,0.0,-7.599999999999999,signing,Dave Hoppen
1993-06-21 00:00:00,lost Sam Bowie to LAL,3940.8,-73988,0.1,-7.499999999999999,trade,Sam Bowie
1993-06-21 00:00:00,lost Toby Bailey to LAL,-0.0,-73988,-0.0,-7.499999999999999,trade,Toby Bailey
1993-06-21 00:00:00,added Benoit Benjamin to BRK,-8290.1,-82278,-0.3,-7.799999999999999,trade,Benoit Benjamin
1993-06-30 00:00:00,added John Best to BRK,0.0,-82278,0.0,-7.799999999999999,acquisition,John Best
1993-06-30 00:00:00,added Rex Walters to BRK,-4184.9,-86463,-0.0999999999999999,-7.899999999999999,draft,Rex Walters
1993-06-30 00:00:00,added John Best to BRK,0.0,-86463,0.0,-7.899999999999999,draft,John Best
1993-07-08 00:00:00,added Kevin Edwards to BRK,-6570.599999999999,-93033,0.8,-7.099999999999999,signing,Kevin Edwards
1993-07-27 00:00:00,added David Wesley to BRK,-487.8,-93521,0.2,-6.899999999999999,signing,David Wesley
1993-08-11 00:00:00,added Armen Gilliam to BRK,5984.2,-87537,5.1,-1.799999999999999,signing,Armen Gilliam
1993-11-11 00:00:00,added Ron Anderson to BRK,-334.4,-87871,0.0,-1.799999999999999,signing,Ron Anderson
1993-12-10 00:00:00,lost Rumeal Robinson to CHH,1140.0,-86731,0.2,-1.599999999999999,trade,Rumeal Robinson
1993-12-10 00:00:00,added Johnny Newman to BRK,-9935.0,-96666,0.2,-1.399999999999999,trade,Johnny Newman
1994-03-24 00:00:00,added Dave Jamerson to BRK,-249.0,-96915,-0.1,-1.4999999999999991,signing,Dave Jamerson
1994-06-20 00:00:00,added Sean Higgins to BRK,-4777.5,-101693,-0.8,-2.299999999999999,signing,Sean Higgins
1994-06-29 00:00:00,added Yinka Dare to BRK,-8437.0,-110130,-1.5,-3.799999999999999,draft,Yinka Dare
1994-07-29 00:00:00,added Chris Childs to BRK,1603.5999999999997,-108526,2.1,-1.6999999999999988,signing,Chris Childs
1994-09-01 00:00:00,added Ryan Lorthridge to BRK,0.0,-108526,0.0,-1.6999999999999988,signing,Ryan Lorthridge
1994-10-06 00:00:00,added Sleepy Floyd to BRK,-5152.2,-113679,-0.9,-2.5999999999999988,signing,Sleepy Floyd
1995-06-28 00:00:00,added Ed O'Bannon to BRK,-5781.799999999999,-119460,-0.5,-3.0999999999999988,draft,Ed O'Bannon
1995-10-06 00:00:00,added Robert Werdann to BRK,-458.8,-119919,0.0,-3.0999999999999988,signing,Robert Werdann
1995-10-09 00:00:00,added Vern Fleming to BRK,-5066.3,-124985,-0.4,-3.4999999999999987,signing,Vern Fleming
1995-10-09 00:00:00,added Gerald Madkins to BRK,0.0,-124985,0.0,-3.4999999999999987,signing,Gerald Madkins
1995-10-13 00:00:00,added Gerald Glass to BRK,-22.4,-125008,0.0,-3.4999999999999987,signing,Gerald Glass
1995-11-30 00:00:00,lost Derrick Coleman to PHI,-2134.2,-127142,-5.2,-8.7,trade,Derrick Coleman
1995-11-30 00:00:00,lost Sean Higgins to PHI,3297.6,-123844,0.4,-8.299999999999999,trade,Sean Higgins
1995-11-30 00:00:00,lost Rex Walters to PHI,2178.6,-121666,-0.3,-8.6,trade,Rex Walters
1995-11-30 00:00:00,added Shawn Bradley to BRK,-2931.3,-124597,0.8,-7.8,trade,Shawn Bradley
1995-11-30 00:00:00,added Greg Graham to BRK,-1261.0,-125858,-0.1,-7.899999999999999,trade,Greg Graham
1995-11-30 00:00:00,added Tim Perry to BRK,16.7,-125841,0.1,-7.8,trade,Tim Perry
1996-01-19 00:00:00,lost Kenny Anderson to CHH,-4426.8,-130268,-1.8,-9.6,trade,Kenny Anderson
1996-01-19 00:00:00,lost Gerald Glass to CHH,112.5,-130156,-0.0,-9.6,trade,Gerald Glass
1996-01-19 00:00:00,added Kendall Gill to BRK,12327.3,-117828,8.8,-0.7999999999999989,trade,Kendall Gill
1996-01-19 00:00:00,added Khalid Reeves to BRK,-3793.3,-121622,-0.1999999999999999,-0.9999999999999988,trade,Khalid Reeves
