,date,Transaction,value,Running Score
1,2017-06-20,lost Dwight Howard to CHO,246,246
2,2017-06-20,lost Frank Jackson to CHO,0,246
3,2017-06-20,added Marco Belinelli to ATL,-242,4
4,2017-06-20,added Miles Plumlee to ATL,-3211,-3207
5,2017-06-20,added Tyler Dorsey to ATL,0,-3207
6,2017-06-22,added John Collins to ATL,0,-3207
7,2017-06-22,added Tyler Dorsey to ATL,0,-3207
8,2017-06-22,added Alpha Kaba to ATL,0,-3207
9,2017-06-28,lost Ryan Kelly to HOU,0,-3207
10,2017-07-01,added John Collins to ATL,9764,6557
11,2017-07-06,lost Cody Martin to DEN,0,6557
12,2017-07-06,added Jamal Crawford to ATL,0,6557
13,2017-07-06,added Diamond Stone to ATL,0,6557
14,2017-07-06,added Omari Spellman to ATL,0,6557
15,2017-07-14,added Tyler Dorsey to ATL,-4054,2503
16,2017-07-21,added Dewayne Dedmon to ATL,958,3461
17,2017-07-21,added Ersan İlyasova to ATL,-117,3344
18,2017-07-25,added Mike Muscala to ATL,318,3662
19,2017-08-09,added Luke Babbitt to ATL,-399,3263
20,2017-09-05,added Tyler Cavanaugh to ATL,0,3263
21,2017-09-05,added Quinn Cook to ATL,0,3263
22,2017-09-05,added Josh Magette to ATL,-561,2701
23,2017-09-13,added Jeremy Evans to ATL,0,2701
24,2017-09-21,added Jordan Mathews to ATL,0,2701
25,2017-09-25,added John Jenkins to ATL,0,2701
26,2017-09-25,added DeAndre Liggins to ATL,0,2701
27,2017-10-14,lost Dimitrios Agravanis to CLE,0,2701
28,2017-10-14,lost Sergiy Gladyr to CLE,0,2701
29,2017-10-14,added Kay Felder to ATL,0,2701
30,2017-10-14,added Richard Jefferson to ATL,0,2701
31,2017-10-14,added Eric Paschall to ATL,0,2701
32,2017-10-17,added Isaiah Taylor to ATL,-5134,-2433
33,2017-11-05,added Tyler Cavanaugh to ATL,-984,-3417
34,2018-01-15,added Andrew White to ATL,-1149,-4566
35,2018-02-08,lost Luke Babbitt to MIA,1334,-3232
36,2018-02-08,added Okaro White to ATL,0,-3232
37,2018-02-08,added Sheldon Mac to ATL,0,-3232
38,2018-02-22,added Antonius Cleveland to ATL,0,-3232
39,2018-02-28,added Jaylen Morris to ATL,0,-3232
40,2018-03-13,added Damion Lee to ATL,0,-3232
41,2018-03-14,added Antonius Cleveland to ATL,-378,-3610
42,2018-03-21,added Jaylen Morris to ATL,-529,-4140
43,2018-04-01,added Jeremy Evans to ATL,-49,-4189
44,2018-04-02,added Damion Lee to ATL,-767,-4957
45,2018-06-21,added Luka Dončić to ATL,0,-4957
46,2018-06-21,added Kevin Huerter to ATL,0,-4957
47,2018-06-21,added Omari Spellman to ATL,0,-4957
48,2018-06-21,added Devonte' Graham to ATL,0,-4957
49,2018-06-21,lost Luka Dončić to DAL,-81764,-86721
50,2018-06-21,added Trae Young to ATL,0,-86721
51,2018-06-21,added Cam Reddish to ATL,0,-86721
52,2018-06-21,lost Devonte' Graham to CHO,437,-86284
53,2018-06-21,added Bol Bol to ATL,0,-86284
54,2018-06-21,added Colby Jones to ATL,0,-86284
55,2018-07-01,added Trae Young to ATL,36804,-49480
56,2018-07-01,added Kevin Huerter to ATL,-10994,-60474
57,2018-07-01,added Omari Spellman to ATL,-966,-61440
58,2018-07-01,added Jaylen Adams to ATL,-1840,-63281
59,2018-07-13,lost Isaïa Cordinier to BRK,0,-63281
60,2018-07-13,added Jeremy Lin to ATL,-601,-63883
61,2018-07-25,lost Mike Muscala to PHI,1561,-62321
62,2018-07-25,lost Dennis Schröder to OKC,4827,-57493
63,2018-07-25,added Carmelo Anthony to ATL,0,-57493
64,2018-07-25,added Justin Anderson to ATL,-1250,-58743
65,2018-08-03,added Alex Len to ATL,-2150,-60894
66,2018-08-20,added Daniel Hamilton to ATL,-836,-61731
67,2018-08-20,added Alex Poythress to ATL,-1067,-62798
68,2018-08-24,added Vince Carter to ATL,-931,-63729
69,2018-08-30,added Thomas Robinson to ATL,0,-63729
70,2018-09-07,added R.J. Hunter to ATL,0,-63729
71,2018-09-18,added Cole Aldrich to ATL,0,-63729
72,2019-02-07,lost Tyler Dorsey to MEM,1206,-62522
73,2019-02-07,added Shelvin Mack to ATL,0,-62522
74,2019-02-07,added Jabari Bird to ATL,0,-62522
75,2019-02-20,added Jordan Sibert to ATL,64,-62458
76,2019-03-01,added B.J. Johnson to ATL,-124,-62583
77,2019-03-08,added Tyler Zeller to ATL,-112,-62695
78,2019-03-19,added Deyonta Davis to ATL,0,-62695
79,2019-04-01,added Isaac Humphries to ATL,-616,-63311
80,2019-04-08,added Deyonta Davis to ATL,-236,-63547
81,2019-06-19,lost Bol Bol to MIA,0,-63547
82,2019-06-20,lost Eric Paschall to GSW,6342,-57205
83,2019-06-20,added Jaxson Hayes to ATL,0,-57205
84,2019-06-20,added Cam Reddish to ATL,0,-57205
85,2019-06-20,added Marcos Louzada Silva to ATL,0,-57205
86,2019-06-24,lost Kent Bazemore to POR,3555,-53650
87,2019-06-24,added Evan Turner to ATL,-1380,-55030
88,2019-07-01,added Cam Reddish to ATL,-10109,-65140
89,2019-07-01,added Charlie Brown Jr. to ATL,-100,-65240
90,2019-07-06,lost Taurean Prince to BRK,5864,-59375
91,2019-07-06,lost Marcus Zegarowski to BRK,0,-59375
92,2019-07-06,added Nickeil Alexander-Walker to ATL,0,-59375
93,2019-07-06,added Allen Crabbe to ATL,-2140,-61515
94,2019-07-06,added Aleksej Pokusevski to ATL,0,-61515
95,2019-07-07,added De'Andre Hunter to ATL,0,-61515
96,2019-07-07,lost Nickeil Alexander-Walker to NOP,7978,-53536
97,2019-07-07,lost Jaxson Hayes to NOP,198,-53338
98,2019-07-07,lost Marcos Louzada Silva to NOP,625,-52713
99,2019-07-07,lost Herbert Jones to NOP,1752,-50960
100,2019-07-07,lost Vince Williams Jr. to NOP,0,-50960
101,2019-07-07,added Jordan Bone to ATL,0,-50960
102,2019-07-07,added Solomon Hill to ATL,-4338,-55299
103,2019-07-07,added De'Andre Hunter to ATL,-21837,-77136
104,2019-07-07,added Seth Lundy to ATL,0,-77136
105,2019-07-07,lost Jordan Bone to PHI,0,-77136
106,2019-07-07,lost Théo Maledon to PHI,0,-77136
107,2019-07-07,lost Colby Jones to PHI,0,-77136
108,2019-07-07,added Bruno Fernando to ATL,0,-77136
109,2019-07-07,lost Solomon Hill to MEM,1261,-75875
110,2019-07-07,lost Miles Plumlee to MEM,0,-75875
111,2019-07-07,added Chandler Parsons to ATL,-324,-76199
112,2019-07-07,added Bruno Fernando to ATL,-4597,-80796
113,2019-07-08,lost Omari Spellman to GSW,1594,-79201
114,2019-07-08,added Damian Jones to ATL,-1330,-80532
115,2019-07-11,added Jabari Parker to ATL,0,-80532
116,2019-08-06,added Brandon Goodwin to ATL,-3169,-83701
117,2019-09-20,added Vince Carter to ATL,-3766,-87467
118,2019-10-19,added Mark Ogden Jr. to ATL,0,-87467
119,2020-01-06,added Paul Watson to ATL,-222,-87690
120,2020-01-16,lost Allen Crabbe to MIN,1270,-86419
121,2020-01-16,added Treveon Graham to ATL,-1330,-87749
122,2020-01-16,added Jeff Teague to ATL,-1660,-89410
123,2020-02-05,lost Evan Turner to MIN,0,-89410
124,2020-02-05,lost Aleksej Pokusevski to MIN,0,-89410
125,2020-02-05,added Clint Capela to ATL,13014,-76396
126,2020-02-05,added Nene to ATL,0,-76396
127,2020-02-06,added Derrick Walton to ATL,0,-76396
128,2020-02-06,added Skal Labissiere to ATL,0,-76396
129,2020-02-06,lost Alex Len to SAC,2802,-73594
130,2020-02-06,lost Jabari Parker to SAC,37,-73556
131,2020-02-06,added Dewayne Dedmon to ATL,-1048,-74604
132,2020-02-06,added Skylar Mays to ATL,0,-74604
133,2020-02-06,added Sharife Cooper to ATL,0,-74604
134,2020-11-18,added Onyeka Okongwu to ATL,0,-74604
135,2020-11-18,added Skylar Mays to ATL,0,-74604
136,2020-11-20,lost Dewayne Dedmon to DET,0,-74604
137,2020-11-20,added Tony Snell to ATL,-496,-75100
138,2020-11-20,added Khyri Thomas to ATL,0,-75100
139,2020-11-23,added Rajon Rondo to ATL,-1005,-76105
140,2020-11-24,added Onyeka Okongwu to ATL,1431,-74674
141,2020-11-24,added Skylar Mays to ATL,511,-74163
142,2020-11-24,added Nathan Knight to ATL,-1032,-75195
143,2020-11-24,added Bogdan Bogdanovic to ATL,7854,-67341
144,2020-11-24,added Danilo Gallinari to ATL,1009,-66331
145,2020-11-25,added Solomon Hill to ATL,-3782,-70114
146,2020-11-28,added Kris Dunn to ATL,-616,-70730
147,2021-03-25,lost Rajon Rondo to LAC,-846,-71576
148,2021-03-25,added Lou Williams to ATL,-2171,-73748
149,2021-03-25,added Julian Phillips to ATL,0,-73748
150,2021-07-29,added Jalen Johnson to ATL,0,-73748
151,2021-07-29,added Sharife Cooper to ATL,0,-73748
152,2021-08-04,added Jalen Johnson to ATL,-275,-74023
153,2021-08-04,added Sharife Cooper to ATL,-635,-74659
154,2021-08-05,added Solomon Hill to ATL,-556,-75215
155,2021-08-06,added Lou Williams to ATL,-2716,-77932
156,2021-08-06,added John Collins to ATL,-274,-78206
157,2021-08-07,lost Kris Dunn to BOS,0,-78206
158,2021-08-07,lost Bruno Fernando to BOS,162,-78044
159,2021-08-07,lost Julian Phillips to BOS,0,-78044
160,2021-08-07,added Delon Wright to ATL,3194,-74849
161,2021-08-09,added Gorgui Dieng to ATL,779,-74070
162,2021-08-11,added Johnny Hamilton to ATL,0,-74070
163,2021-08-18,added A.J. Lawson to ATL,0,-74070
164,2021-08-26,added Skylar Mays to ATL,-440,-74510
165,2021-09-09,added Timothé Luwawu-Cabarrot to ATL,-2260,-76771
166,2021-09-21,added Jahlil Okafor to ATL,0,-76771
167,2021-10-07,added DaQuan Jeffries to ATL,0,-76771
168,2021-10-12,added Ibi Watson to ATL,0,-76771
169,2021-12-22,added Malcolm Hill to ATL,174,-76596
170,2021-12-22,added Lance Stephenson to ATL,-539,-77135
171,2021-12-23,added Wes Iwundu to ATL,-557,-77693
172,2021-12-25,added Malik Ellison to ATL,0,-77693
173,2021-12-25,added Cat Barber to ATL,-305,-77998
174,2021-12-27,added Chaundee Brown Jr. to ATL,0,-77998
175,2021-12-28,added Justin Tillman to ATL,0,-77998
176,2021-12-29,added Chris Clemons to ATL,0,-77998
177,2021-12-29,added Cameron Oliver to ATL,73,-77925
178,2022-01-13,lost Solomon Hill to NYK,0,-77925
179,2022-01-13,lost Cam Reddish to NYK,1179,-76746
180,2022-01-13,added Kevin Knox to ATL,-765,-77511
181,2022-04-09,added Chaundee Brown Jr. to ATL,-340,-77852
182,2022-06-23,added A.J. Griffin to ATL,0,-77852
183,2022-06-23,added Ryan Rollins to ATL,0,-77852
184,2022-06-23,lost Ryan Rollins to GSW,930,-76922
185,2022-06-23,added Tyrese Martin to ATL,0,-76922
186,2022-06-30,lost Danilo Gallinari to SAS,0,-76922
187,2022-06-30,added Jock Landale to ATL,0,-76922
188,2022-06-30,added Dejounte Murray to ATL,2693,-74229
189,2022-06-30,lost future 1st round pick to SAS,0,-74229
190,2022-06-30,lost future 1st round pick to SAS,0,-74229
191,2022-06-30,lost future 1st round pick to SAS,0,-74229
192,2022-06-30,lost future 1st round pick to SAS,0,-74229
193,2022-07-03,added AJ Griffin to ATL,-1120,-75350
194,2022-07-06,lost Jock Landale to PHO,1076,-74273
195,2022-07-06,lost Kevin Huerter to SAC,-2203,-76476
196,2022-07-06,added Maurice Harkless to ATL,0,-76476
197,2022-07-06,added Justin Holiday to ATL,-1520,-77996
198,2022-07-06,added future 1st round pick to ATL,0,-77996
199,2022-07-06,added Aaron Holiday to ATL,-1690,-79686
200,2022-07-11,added Frank Kaminsky to ATL,457,-79229
201,2022-07-15,added Tyrese Martin to ATL,-488,-79717
202,2022-07-21,added Sharife Cooper to ATL,0,-79717
203,2022-08-08,added Trent Forrest to ATL,-1412,-81130
204,2022-08-22,added Tyson Etienne to ATL,0,-81130
205,2022-08-25,added Chris Silva to ATL,0,-81130
206,2022-09-12,added Jarrett Culver to ATL,-575,-81705
207,2022-09-16,added Malik Ellison to ATL,0,-81705
208,2022-09-22,added Armoni Brooks to ATL,0,-81705
209,2022-09-27,lost Maurice Harkless to OKC,0,-81705
210,2022-09-27,added Vit Krejci to ATL,-594,-82299
