,Transaction Date,Transaction,Score,Running Score
1,2010-09-24 00:00:00,added Melvin Ely to DEN,-1171,-1171
2,2010-09-24 00:00:00,added Gary Forbes to DEN,-2293,-3465
3,2011-02-22 00:00:00,lost Carmelo Anthony to NYK,-49579,-53044
4,2011-02-22 00:00:00,lost Renaldo Balkman to NYK,246,-52797
5,2011-02-22 00:00:00,lost Chauncey Billups to NYK,-1062,-53860
6,2011-02-22 00:00:00,lost Anthony Carter to NYK,558,-53302
7,2011-02-22 00:00:00,lost Shelden Williams to NYK,297,-53005
8,2011-02-22 00:00:00,lost Jakob Pöltl to NYK,0,-53005
9,2011-02-22 00:00:00,lost Richaun Holmes to MIN,0,-53005
10,2011-02-22 00:00:00,added Kosta Koufos to DEN,1401,-51603
11,2011-02-22 00:00:00,added Wilson Chandler to DEN,-11110,-62714
12,2011-02-22 00:00:00,added Raymond Felton to DEN,663,-62051
13,2011-02-22 00:00:00,added Danilo Gallinari to DEN,21571,-40480
14,2011-02-22 00:00:00,added Timofey Mozgov to DEN,-6423,-46903
15,2011-02-22 00:00:00,added Quincy Miller to DEN,0,-46903
16,2011-02-22 00:00:00,added Romero Osby to DEN,0,-46903
17,2011-02-22 00:00:00,added Dario Šarić to DEN,0,-46903
18,2011-02-22 00:00:00,added Jamal Murray to DEN,5636,-41267
19,2011-06-23 00:00:00,added Kenneth Faried to DEN,6652,-34614
20,2011-06-23 00:00:00,lost Raymond Felton to POR,2859,-31755
21,2011-06-23 00:00:00,added Jordan Hamilton to DEN,1455,-30300
22,2011-06-23 00:00:00,added Andre Miller to DEN,1849,-28451
23,2011-06-23 00:00:00,added Devyn Marble to DEN,0,-28451
24,2011-06-23 00:00:00,lost Alex Oriakhi to LAL,0,-28451
25,2011-06-23 00:00:00,added Chukwudiebere Maduabum to DEN,0,-28451
26,2011-12-09 00:00:00,added Julyan Stone to DEN,480,-27970
27,2011-12-13 00:00:00,lost Demetrius Jackson to DAL,0,-27970
28,2011-12-13 00:00:00,added Corey Brewer to DEN,672,-27298
29,2011-12-13 00:00:00,added Rudy Fernández to DEN,497,-26801
30,2011-12-13 00:00:00,added DeMarre Carroll to DEN,195,-26606
31,2011-12-15 00:00:00,added Michael Ruffin to DEN,0,-26606
32,2012-03-15 00:00:00,lost Nenê to WAS,-3127,-29733
33,2012-03-15 00:00:00,added JaVale McGee to DEN,554,-29179
34,2012-03-15 00:00:00,added Ronny Turiaf to DEN,0,-29179
35,2012-06-28 00:00:00,added Evan Fournier to DEN,-4957,-34137
36,2012-06-28 00:00:00,added Quincy Miller to DEN,-3158,-37295
37,2012-06-28 00:00:00,added İzzet Türkyılmaz to DEN,0,-37295
38,2012-07-20 00:00:00,added Anthony Randolph to DEN,-1375,-38671
39,2012-08-10 00:00:00,lost Arron Afflalo to ORL,10883,-27787
40,2012-08-10 00:00:00,lost Al Harrington to ORL,535,-27252
41,2012-08-10 00:00:00,lost Romero Osby to ORL,0,-27252
42,2012-08-10 00:00:00,lost Dario Šarić to ORL,0,-27252
43,2012-08-10 00:00:00,added Andre Iguodala to DEN,7225,-20026
44,2012-10-01 00:00:00,added Ben Uzoh to DEN,0,-20026
45,2012-10-01 00:00:00,added Anthony Carter to DEN,0,-20026
46,2013-07-10 00:00:00,,0,-20026
47,2013-07-10 00:00:00,lost Andrea Bargnani to NYK,3754,-16272
48,2013-07-10 00:00:00,added Marcus Camby to TOR,0,-16272
49,2013-07-10 00:00:00,added Steve Novak to TOR,810,-15462
50,2013-07-10 00:00:00,added Quentin Richardson to TOR,0,-15462
51,2013-07-10 00:00:00,added Xavier Thames to TOR,0,-15462
52,2013-07-10 00:00:00,added Jakob Pöltl to TOR,0,-15462
53,2013-07-10 00:00:00,added Jonah Bolden to TOR,0,-15462
54,2013-07-15 00:00:00,added Tyler Hansbrough to TOR,-3233,-18695
55,2013-07-16 00:00:00,added Dwight Buycks to TOR,-496,-19192
56,2013-07-22 00:00:00,added D.J. Augustin to TOR,-746,-19938
57,2013-08-01 00:00:00,added Austin Daye to TOR,-339,-20278
58,2013-09-19 00:00:00,added Chris Wright to TOR,0,-20278
59,2013-09-19 00:00:00,added Julyan Stone to TOR,-348,-20626
60,2013-12-09 00:00:00,lost Quincy Acy to SAC,1816,-18809
61,2013-12-09 00:00:00,lost Rudy Gay to SAC,-11685,-30495
62,2013-12-09 00:00:00,lost Aaron Gray to SAC,1507,-28987
63,2013-12-09 00:00:00,added Chuck Hayes to TOR,-1347,-30335
64,2013-12-09 00:00:00,added Patrick Patterson to TOR,7583,-22751
65,2013-12-09 00:00:00,added John Salmons to TOR,-2305,-25057
66,2013-12-09 00:00:00,added Greivis Vásquez to TOR,-1859,-26916
67,2014-02-20 00:00:00,lost Austin Daye to SAS,1612,-25304
68,2014-02-20 00:00:00,added Nando De Colo to TOR,57,-25246
69,2014-06-26 00:00:00,added Bruno Caboclo to TOR,0,-25246
70,2014-06-26 00:00:00,added DeAndre Daniels to TOR,0,-25246
71,2014-06-26 00:00:00,added Xavier Thames to TOR,0,-25246
72,2014-06-27 00:00:00,lost Xavier Thames to BRK,0,-25246
73,2014-06-29 00:00:00,lost John Salmons to ATL,0,-25246
74,2014-06-29 00:00:00,added Lucas Nogueira to TOR,0,-25246
75,2014-06-29 00:00:00,added Lou Williams to TOR,5241,-20005
76,2014-07-08 00:00:00,added Bruno Caboclo to TOR,-1153,-21158
77,2014-07-10 00:00:00,lost Steve Novak to UTA,-261,-21420
78,2014-07-10 00:00:00,lost Jonah Bolden to UTA,0,-21420
79,2014-07-10 00:00:00,added Diante Garrett to TOR,0,-21420
80,2014-07-15 00:00:00,added James Johnson to TOR,2362,-19058
81,2014-08-03 00:00:00,added Will Cherry to TOR,0,-19058
82,2014-08-03 00:00:00,added Lucas Nogueira to TOR,4108,-14950
83,2014-08-18 00:00:00,added Jordan Hamilton to TOR,0,-14950
84,2014-09-04 00:00:00,added Greg Stiemsma to TOR,-396,-15346
85,2015-06-25 00:00:00,added Delon Wright to TOR,0,-15346
86,2015-06-25 00:00:00,lost Greivis Vásquez to MIL,2852,-12494
87,2015-06-25 00:00:00,added Norman Powell to TOR,0,-12494
88,2015-06-25 00:00:00,added OG Anunoby to TOR,0,-12494
89,2015-06-30 00:00:00,lost Tomislav Zubčić to OKC,0,-12494
90,2015-06-30 00:00:00,added Luke Ridnour to TOR,0,-12494
91,2015-07-03 00:00:00,added Delon Wright to TOR,7351,-5142
92,2015-07-09 00:00:00,added DeMarre Carroll to TOR,235,-4906
93,2015-07-09 00:00:00,added Cory Joseph to TOR,-5059,-9965
94,2015-07-15 00:00:00,added Luis Scola to TOR,-1799,-11765
95,2015-07-15 00:00:00,added Norman Powell to TOR,-901,-12666
96,2015-07-18 00:00:00,added Bismack Biyombo to TOR,-361,-13028
97,2015-07-21 00:00:00,added Ronald Roberts to TOR,0,-13028
98,2015-07-23 00:00:00,added Michale Kyser to TOR,0,-13028
99,2015-07-23 00:00:00,added Axel Toupane to TOR,0,-13028
100,2015-08-21 00:00:00,added Shannon Scott to TOR,0,-13028
101,2015-09-27 00:00:00,added Anthony Bennett to TOR,-327,-13356
102,2016-03-01 00:00:00,added Jason Thompson to TOR,-175,-13531
103,2016-06-23 00:00:00,added Jakob Pöltl to TOR,0,-13531
104,2016-06-23 00:00:00,added Pascal Siakam to TOR,0,-13531
105,2016-07-09 00:00:00,added Jakob Pöltl to TOR,1214,-12317
106,2016-07-09 00:00:00,added Pascal Siakam to TOR,6236,-6080
107,2016-07-14 00:00:00,added DeMar DeRozan to TOR,15450,9370
108,2016-07-14 00:00:00,added Jared Sullinger to TOR,-849,8520
109,2016-07-18 00:00:00,added Fred VanVleet to TOR,3030,11551
110,2016-08-02 00:00:00,added Jarrod Uthoff to TOR,0,11551
111,2016-08-11 00:00:00,added Drew Crawford to TOR,0,11551
112,2016-08-11 00:00:00,added Yanick Moreira to TOR,0,11551
113,2016-09-08 00:00:00,added E.J. Singler to TOR,0,11551
114,2016-09-20 00:00:00,added Brady Heslip to TOR,0,11551
115,2017-02-14 00:00:00,lost Terrence Ross to ORL,13907,25458
116,2017-02-14 00:00:00,lost Anžejs Pasečņiks to ORL,0,25458
117,2017-02-14 00:00:00,added Serge Ibaka to TOR,-1068,24390
118,2017-02-23 00:00:00,lost Jared Sullinger to PHO,0,24390
119,2017-02-23 00:00:00,lost Alec Peters to PHO,630,25020
120,2017-02-23 00:00:00,lost George King to PHO,47,25068
121,2017-02-23 00:00:00,added P.J. Tucker to TOR,304,25372
122,2017-06-22 00:00:00,added OG Anunoby to TOR,0,25372
123,2017-07-06 00:00:00,added Malcolm Miller to TOR,-126,25246
124,2017-07-07 00:00:00,added Kyle Lowry to TOR,18141,43388
125,2017-07-07 00:00:00,added Serge Ibaka to TOR,341,43729
126,2017-07-09 00:00:00,added Alfonzo McKinnie to TOR,-159,43570
127,2017-07-09 00:00:00,added OG Anunoby to TOR,1883,45454
128,2017-07-13 00:00:00,lost DeMarre Carroll to BRK,2118,47573
129,2017-07-13 00:00:00,lost Džanan Musa to BRK,2423,49996
130,2017-07-13 00:00:00,lost Rodions Kurucs to BRK,5279,55276
131,2017-07-13 00:00:00,added Justin Hamilton to TOR,0,55276
132,2017-07-14 00:00:00,lost Cory Joseph to IND,4140,59416
133,2017-07-14 00:00:00,added Emir Preldžić to TOR,0,59416
134,2017-07-18 00:00:00,added Kennedy Meeks to TOR,0,59416
135,2017-07-18 00:00:00,added C.J. Miles to TOR,-1622,57794
136,2017-07-25 00:00:00,added Lorenzo Brown to TOR,-347,57446
137,2017-08-15 00:00:00,added Kyle Wiltjer to TOR,0,57446
138,2017-08-22 00:00:00,added K.J. McDaniels to TOR,0,57446
139,2017-09-25 00:00:00,added Andy Rautins to TOR,0,57446
140,2017-10-08 00:00:00,added Norman Powell to TOR,1005,58452
141,2017-10-11 00:00:00,added Davion Berry to TOR,0,58452
142,2018-02-08 00:00:00,lost Bruno Caboclo to SAC,610,59062
143,2018-02-08 00:00:00,added Malachi Richardson to TOR,-949,58112
144,2018-03-06 00:00:00,added Nigel Hayes to TOR,109,58222
145,2018-07-06 00:00:00,added Fred VanVleet to TOR,6085,64307
146,2018-07-18 00:00:00,lost DeMar DeRozan to SAS,-13730,50576
147,2018-07-18 00:00:00,lost Jakob Pöltl to SAS,-11180,39396
148,2018-07-18 00:00:00,lost Keldon Johnson to SAS,7606,47003
149,2018-07-18 00:00:00,added Danny Green to TOR,4432,51435
150,2018-07-18 00:00:00,added Kawhi Leonard to TOR,14688,66123
151,2018-07-20 00:00:00,added Lorenzo Brown to TOR,-742,65381
152,2018-08-07 00:00:00,added Jordan Loyd to TOR,-55,65326
153,2018-08-10 00:00:00,added Greg Monroe to TOR,-2115,63211
154,2018-08-20 00:00:00,added Kay Felder to TOR,0,63211
155,2018-09-13 00:00:00,added Kyle Collinsworth to TOR,0,63211
156,2018-09-13 00:00:00,added Deng Adel to TOR,0,63211
157,2018-10-12 00:00:00,added Chris Boucher to TOR,2061,65272
158,2019-01-10 00:00:00,added Patrick McCaw to TOR,-584,64688
159,2019-02-06 00:00:00,lost Emir Preldžić to PHI,0,64688
160,2019-02-06 00:00:00,lost Malachi Richardson to PHI,0,64688
161,2019-02-06 00:00:00,lost Tyrese Martin to PHI,0,64688
162,2019-02-07 00:00:00,lost Greg Monroe to BRK,0,64688
163,2019-02-07 00:00:00,lost JT Thor to BRK,0,64688
164,2019-02-07 00:00:00,lost C.J. Miles to MEM,441,65129
165,2019-02-07 00:00:00,lost Jonas Valančiūnas to MEM,-10799,54329
166,2019-02-07 00:00:00,lost Delon Wright to MEM,-962,53366
167,2019-02-07 00:00:00,added Marc Gasol to TOR,3736,57103
168,2019-02-09 00:00:00,added Malcolm Miller to TOR,-406,56697
169,2019-02-13 00:00:00,added Jeremy Lin to TOR,-2598,54099
170,2019-02-20 00:00:00,added Jodie Meeks to TOR,0,54099
171,2019-03-14 00:00:00,added Eric Moreland to TOR,0,54099
172,2019-03-26 00:00:00,added Jodie Meeks to TOR,52,54151
173,2019-04-09 00:00:00,added Eric Moreland to TOR,-171,53980
174,2019-06-20 00:00:00,added Dewan Hernandez to TOR,0,53980
175,2019-07-07 00:00:00,added Patrick McCaw to TOR,-1604,52375
176,2019-07-10 00:00:00,added Stanley Johnson to TOR,-2890,49485
177,2019-07-11 00:00:00,added Terence Davis to TOR,-314,49171
178,2019-07-12 00:00:00,added Dewan Hernandez to TOR,-268,48902
179,2019-07-17 00:00:00,added Rondae Hollis-Jefferson to TOR,336,49239
180,2019-07-19 00:00:00,added Matt Thomas to TOR,-264,48974
181,2019-07-24 00:00:00,added Cameron Payne to TOR,0,48974
182,2019-09-19 00:00:00,added Isaiah Taylor to TOR,0,48974
183,2019-10-14 00:00:00,added Kyle Lowry to TOR,9275,58249
184,2019-10-20 00:00:00,added Tyler Ennis to TOR,0,58249
185,2019-10-21 00:00:00,added Pascal Siakam to TOR,22647,80896
186,2019-10-21 00:00:00,added Oshae Brissett to TOR,-715,80181
187,2019-10-23 00:00:00,added Shamorie Ponds to TOR,150,80331
188,2020-01-15 00:00:00,added Paul Watson to TOR,-183,80148
189,2020-11-18 00:00:00,added Malachi Flynn to TOR,0,80148
190,2020-11-18 00:00:00,added Jalen Harris to TOR,0,80148
191,2020-11-24 00:00:00,added Fred VanVleet to TOR,19948,100096
192,2020-11-24 00:00:00,added Aron Baynes to TOR,-4410,95686
193,2020-11-25 00:00:00,added Chris Boucher to TOR,4963,100650
194,2020-11-25 00:00:00,added DeAndre' Bembry to TOR,-1846,98803
195,2020-11-25 00:00:00,added Alex Len to TOR,-304,98499
196,2020-11-26 00:00:00,added Henry Ellenson to TOR,0,98499
197,2020-11-26 00:00:00,added Malachi Flynn to TOR,-6051,92448
198,2020-11-28 00:00:00,added Jalen Harris to TOR,51,92500
199,2020-11-28 00:00:00,added Oshae Brisset to TOR,0,92500
200,2021-02-26 00:00:00,added Donta Hall to TOR,0,92500
201,2021-03-10 00:00:00,added Henry Ellenson to TOR,-68,92431
202,2021-03-25 00:00:00,lost Norman Powell to POR,2446,94878
203,2021-03-25 00:00:00,added Rodney Hood to TOR,-1058,93819
204,2021-03-25 00:00:00,added Gary Trent Jr. to TOR,-1674,92145
205,2021-03-25 00:00:00,added Dalano Banton to TOR,0,92145
206,2021-03-25 00:00:00,lost Matt Thomas to UTA,737,92882
207,2021-03-25 00:00:00,added David Johnson to TOR,0,92882
208,2021-04-08 00:00:00,added Freddie Gillespie to TOR,0,92882
209,2021-04-10 00:00:00,added Khem Birch to TOR,57,92940
210,2021-04-28 00:00:00,added Freddie Gillespie to TOR,-1254,91686
211,2021-07-29 00:00:00,added Scottie Barnes to TOR,0,91686
212,2021-07-29 00:00:00,added Dalano Banton to TOR,0,91686
213,2021-07-29 00:00:00,added David Johnson to TOR,0,91686
214,2021-08-06 00:00:00,added Kyle Lowry to TOR,0,91686
215,2021-08-06 00:00:00,added Khem Birch to TOR,-1855,89830
216,2021-08-06 00:00:00,lost Kyle Lowry to MIA,-4609,85221
217,2021-08-06 00:00:00,added Precious Achiuwa to TOR,-7107,78114
218,2021-08-06 00:00:00,added Goran Dragic to TOR,171,78285
219,2021-08-07 00:00:00,added Ishmail Wainright to TOR,0,78285
220,2021-08-07 00:00:00,added Justin Champagnie to TOR,-562,77723
221,2021-08-07 00:00:00,added Gary Trent Jr. to TOR,913,78636
222,2021-08-08 00:00:00,added David Johnson to TOR,-55,78581
223,2021-08-08 00:00:00,added Scottie Barnes to TOR,3426,82007
224,2021-08-09 00:00:00,added Sam Dekker to TOR,-9,81998
225,2021-08-11 00:00:00,added Isaac Bonga to TOR,-27,81970
226,2021-08-13 00:00:00,added Dalano Banton to TOR,-2297,79673
227,2021-08-31 00:00:00,added Sviatoslav Mykhailiuk to TOR,-2076,77596
228,2021-09-21 00:00:00,added Reggie Perry to TOR,0,77596
229,2021-10-13 00:00:00,added Josh Hall to TOR,0,77596
230,2021-10-13 00:00:00,added Alex AntetoKounmpo to TOR,0,77596
231,2021-10-15 00:00:00,added Ashton Hagans to TOR,0,77596
232,2021-10-15 00:00:00,added Breein Tyree to TOR,0,77596
233,2021-12-22 00:00:00,added Juwan Morgan to TOR,-197,77399
234,2021-12-22 00:00:00,added D.J. Wilson to TOR,0,77399
235,2021-12-22 00:00:00,added Tremont Waters to TOR,-340,77059
236,2021-12-24 00:00:00,added Daniel Oturu to TOR,-140,76919
237,2022-02-10 00:00:00,lost Goran Dragic to SAS,0,76919
238,2022-02-10 00:00:00,lost Malaki Branham to SAS,8060,84979
239,2022-02-10 00:00:00,added Drew Eubanks to TOR,0,84979
240,2022-02-10 00:00:00,added Thaddeus Young to TOR,950,85929
241,2022-02-10 00:00:00,added Christian Koloko to TOR,0,85929
242,2022-02-28 00:00:00,added D.J. Wilson to TOR,270,86199
243,2022-03-06 00:00:00,added Armoni Brooks to TOR,0,86199
244,2022-03-26 00:00:00,added Armoni Brooks to TOR,-246,85952
245,2022-06-23 00:00:00,added Christian Koloko to TOR,0,85952
246,2022-06-30 00:00:00,added Thaddeus Young to TOR,79,86032
247,2022-07-06 00:00:00,added Otto Porter to TOR,102,86134
248,2022-07-07 00:00:00,added Chris Boucher to TOR,-152,85982
249,2022-07-07 00:00:00,added D.J. Wilson to TOR,0,85982
250,2022-07-13 00:00:00,added Justin Champagnie to TOR,89,86071
251,2022-07-13 00:00:00,added Ron Harper to TOR,57,86128
252,2022-07-19 00:00:00,added Jeff Dowtin to TOR,-492,85636
253,2022-07-27 00:00:00,added Juan Hernangomez to TOR,-2026,83610
254,2022-08-02 00:00:00,added Gabe Brown to TOR,0,83610
255,2022-08-26 00:00:00,added Christian Koloko to TOR,-2807,80803
256,2022-08-30 00:00:00,added Josh Jackson to TOR,0,80803
257,2022-10-15 00:00:00,added Christian Vital to TOR,0,80803
258,2022-10-15 00:00:00,added Reggie Perry to TOR,0,80803
259,2022-10-15 00:00:00,added David Johnson to TOR,0,80803
260,2022-10-15 00:00:00,added Ryan Hawkins to TOR,0,80803
261,2022-10-16 00:00:00,added Saben Lee to TOR,0,80803
262,2023-01-07 00:00:00,added Joe Wieskamp to TOR,0,80803
263,2023-02-09 00:00:00,lost Khem Birch to SAS,0,80803
264,2023-02-09 00:00:00,lost Sidy Cissoko to SAS,0,80803
265,2023-02-09 00:00:00,added Jakob Poeltl to TOR,2545,83348
266,2023-02-09 00:00:00,lost future 1st round pick to SAS,0,83348
267,2023-02-09 00:00:00,lost future 2nd round pick to SAS,0,83348
268,2023-02-11 00:00:00,added Joe Wieskamp to TOR,-530,82818
269,2023-02-28 00:00:00,added Will Barton to TOR,-527,82291
270,2023-06-22 00:00:00,added Gradey Dick to TOR,0,82291
271,2023-07-02 00:00:00,added Gradey Dick to TOR,0,82291
272,2023-07-03 00:00:00,added Markquis Nowell to TOR,0,82291
273,2023-07-06 00:00:00,added Jakob Poeltl to TOR,0,82291
274,2023-07-06 00:00:00,added Jalen McDaniels to TOR,0,82291
275,2023-07-12 00:00:00,added Dennis Schroder to TOR,0,82291
276,2023-07-20 00:00:00,added Ron Harper to TOR,0,82291
277,2023-07-22 00:00:00,added Javon Freeman-Liberty to TOR,0,82291
278,2023-07-22 00:00:00,added Jeff Dowtin to TOR,0,82291
279,2023-07-31 00:00:00,added Garrett Temple to TOR,0,82291
